16.348648,20.898830,-38.831863	16.162098,20.823744,-41.133049	13.181994,21.250357,-38.957233
19.776840,46.128075,-40.493023	18.106455,46.776146,-48.576950	20.220703,46.467960,-50.508121
26.926394,34.864346,-56.984360	26.585728,36.441563,-58.933193	27.180090,31.536320,-59.949429
27.003052,31.124247,-57.492008	27.180090,31.536320,-59.949429	26.476458,29.065001,-57.357086
19.558670,20.996456,-39.661957	22.272535,22.000748,-38.584312	22.375479,21.969250,-40.438038
19.776840,46.128075,-40.493023	23.054916,44.925526,-40.084507	20.735291,45.425285,-38.021881
6.484365,43.862766,-75.869438	5.437956,42.594193,-74.300484	7.037109,43.918209,-78.404869
27.424192,39.356434,-39.175694	26.282385,39.882290,-37.607430	25.014383,43.112709,-38.999229
27.790838,37.231995,-37.639984	26.282385,39.882290,-37.607430	27.424192,39.356434,-39.175694
26.214836,24.896360,-37.686844	27.654140,27.044109,-37.620842	27.916359,26.961607,-39.247730
11.156127,45.673264,-60.222588	7.307731,44.034935,-68.358269	9.898885,45.495289,-68.660988
12.457859,21.133223,-73.931816	17.431158,21.852472,-71.593269	18.441858,21.970259,-74.469124
21.683409,25.844776,-80.413445	17.849020,22.105312,-80.120087	21.892000,23.606535,-80.195602
21.892000,23.606535,-80.195602	17.849020,22.105312,-80.120087	20.370497,22.583748,-80.208389
19.371328,46.300632,-64.578918	17.781799,46.368591,-70.166489	20.825661,45.789242,-68.223015
19.371328,46.300632,-64.578918	16.226131,46.769684,-65.898247	17.781799,46.368591,-70.166489
27.103050,29.765743,-79.359268	25.611176,28.193151,-79.845688	26.254892,27.852751,-79.328522
24.775566,29.195744,-80.047211	25.611176,28.193151,-79.845688	27.103050,29.765743,-79.359268
27.879797,35.506210,-79.987564	27.283648,36.931572,-79.735771	24.891233,37.526615,-79.820129
25.897326,27.261778,-80.115311	23.951593,24.730400,-80.252373	26.026962,26.982685,-78.536942
24.891233,37.526615,-79.820129	26.831543,41.358883,-79.310486	21.499516,42.718994,-79.688179
25.897326,27.261778,-80.115311	26.026962,26.982685,-78.536942	26.254892,27.852751,-79.328522
25.611176,28.193151,-79.845688	25.897326,27.261778,-80.115311	26.254892,27.852751,-79.328522
18.161911,21.005421,-38.594128	22.272535,22.000748,-38.584312	19.558670,20.996456,-39.661957
20.735291,45.425285,-38.021881	18.359549,46.039547,-38.159313	19.776840,46.128075,-40.493023
5.437956,42.594193,-74.300484	4.329114,40.685490,-75.693298	7.037109,43.918209,-78.404869
26.282385,39.882290,-37.607430	24.208590,43.259975,-37.744057	25.014383,43.112709,-38.999229
29.599386,33.714878,-42.109009	28.467667,32.610554,-52.325451	29.204700,30.423630,-43.788700
3.340195,34.533039,-63.156475	4.109051,33.380424,-49.485355	2.760145,32.197247,-70.511246
6.507918,42.609966,-61.042313	7.307731,44.034935,-68.358269	11.156127,45.673264,-60.222588
20.370497,22.583748,-80.208389	17.849020,22.105312,-80.120087	18.282003,21.795683,-80.208641
25.897326,27.261778,-80.115311	25.611176,28.193151,-79.845688	24.775566,29.195744,-80.047211
23.951593,24.730400,-80.252373	24.186630,24.797421,-78.157219	26.026962,26.982685,-78.536942
21.499516,42.718994,-79.688179	26.831543,41.358883,-79.310486	23.880241,44.343441,-79.319244
27.286415,39.462605,-48.089485	26.094376,40.373867,-53.872334	26.549124,36.945351,-56.657787
27.286415,39.462605,-48.089485	25.189932,42.283684,-54.729168	26.094376,40.373867,-53.872334
24.434929,23.593376,-37.682281	26.214836,24.896360,-37.686844	24.462208,23.358929,-38.592731
27.916359,26.961607,-39.247730	29.204700,30.423630,-43.788700	28.218199,28.444149,-46.441055
29.019779,29.442379,-41.076965	29.204700,30.423630,-43.788700	27.916359,26.961607,-39.247730
3.712730,37.398529,-64.026604	4.109051,33.380424,-49.485355	3.340195,34.533039,-63.156475
3.712730,37.398529,-64.026604	4.378229,37.827614,-52.524761	4.109051,33.380424,-49.485355
4.552116,39.436882,-58.710133	4.378229,37.827614,-52.524761	3.712730,37.398529,-64.026604
12.688226,46.346981,-65.413940	9.898885,45.495289,-68.660988	13.391578,46.276260,-70.345573
25.909822,26.241169,-67.836678	27.083990,28.264120,-72.330467	24.099371,25.125717,-73.644051
28.945713,36.950409,-78.489983	28.946939,34.537079,-79.313858	28.852514,32.927116,-78.584656
23.515583,44.220741,-67.694946	24.712816,43.143433,-61.493095	23.930307,44.102856,-55.420853
24.462208,23.358929,-38.592731	23.631815,23.423285,-38.131001	24.434929,23.593376,-37.682281
23.550310,22.733665,-38.591610	23.631815,23.423285,-38.131001	24.462208,23.358929,-38.592731
22.838737,44.532600,-38.122631	25.014383,43.112709,-38.999229	24.208590,43.259975,-37.744057
10.697019,21.729095,-61.524635	11.346909,21.217148,-67.600296	9.333786,21.735538,-70.610878
4.448375,30.365070,-48.526939	5.371635,27.948439,-45.034367	5.737638,26.905264,-52.428444
5.704237,40.309719,-49.638550	6.028361,38.758633,-39.661091	4.378229,37.827614,-52.524761
20.133221,46.355114,-79.323151	21.499516,42.718994,-79.688179	23.880241,44.343441,-79.319244
22.736275,24.191874,-79.919670	24.186630,24.797421,-78.157219	23.951593,24.730400,-80.252373
22.461279,23.455160,-78.545319	24.186630,24.797421,-78.157219	22.736275,24.191874,-79.919670
16.218801,21.237202,-59.910725	19.685192,22.363855,-54.830856	19.944084,22.653011,-66.276222
28.945713,36.950409,-78.489983	28.933767,36.268894,-79.334129	28.946939,34.537079,-79.313858
28.257931,39.183994,-78.271477	28.341959,38.494896,-79.317108	28.945713,36.950409,-78.489983
28.945713,36.950409,-78.489983	28.341959,38.494896,-79.317108	28.933767,36.268894,-79.334129
28.852514,32.927116,-78.584656	28.258879,32.298523,-80.249840	28.050068,30.485981,-78.200592
22.094404,45.312820,-58.175209	23.515583,44.220741,-67.694946	23.930307,44.102856,-55.420853
26.003281,26.918859,-63.014854	27.199345,29.161430,-62.167000	25.909822,26.241169,-67.836678
18.161911,21.005421,-38.594128	19.558670,20.996456,-39.661957	16.348648,20.898830,-38.831863
24.059645,44.373104,-49.680542	23.930307,44.102856,-55.420853	25.189932,42.283684,-54.729168
22.272535,22.000748,-38.584312	22.266794,23.601171,-38.040787	23.009714,22.835007,-38.552292
22.266794,23.601171,-38.040787	23.631815,23.423285,-38.131001	23.009714,22.835007,-38.552292
23.631815,23.423285,-38.131001	23.550310,22.733665,-38.591610	23.009714,22.835007,-38.552292
22.266794,23.601171,-38.040787	23.788305,25.471748,-37.444855	23.631815,23.423285,-38.131001
27.286415,39.462605,-48.089485	27.486975,39.662941,-42.286667	25.906773,42.220024,-47.609821
4.064557,26.989017,-72.184471	3.985688,29.247160,-62.797806	4.986773,26.677013,-64.012177
28.075485,36.247654,-37.452499	27.790838,37.231995,-37.639984	28.925035,34.199791,-37.713139
13.388940,20.838329,-80.203087	16.413910,21.304199,-79.877876	17.849020,22.105312,-80.120087
21.892000,23.606535,-80.195602	22.461279,23.455160,-78.545319	22.736275,24.191874,-79.919670
9.392644,22.952087,-44.670212	10.375629,22.679832,-53.363911	8.031417,24.131056,-52.355789
28.341959,38.494896,-79.317108	28.257931,39.183994,-78.271477	26.831543,41.358883,-79.310486
27.103050,29.765743,-79.359268	26.026962,26.982685,-78.536942	28.050068,30.485981,-78.200592
28.257931,39.183994,-78.271477	27.362928,41.188522,-77.838554	26.831543,41.358883,-79.310486
9.876285,22.934649,-38.987705	13.181994,21.250357,-38.957233	9.392644,22.952087,-44.670212
21.965187,45.495773,-44.085152	19.776840,46.128075,-40.493023	22.183035,45.695110,-50.275593
22.272535,22.000748,-38.584312	19.647049,23.004940,-38.134651	22.266794,23.601171,-38.040787
5.668458,24.413776,-77.352654	7.782611,22.548687,-72.281624	7.720747,22.512777,-77.767464
24.081751,33.066036,-37.029182	28.925035,34.199791,-37.713139	27.654140,27.044109,-37.620842
24.081751,33.066036,-37.029182	28.075485,36.247654,-37.452499	28.925035,34.199791,-37.713139
24.081751,33.066036,-37.029182	27.790838,37.231995,-37.639984	28.075485,36.247654,-37.452499
5.266993,41.167690,-61.028091	4.552116,39.436882,-58.710133	4.548877,40.231770,-67.087189
16.226131,46.769684,-65.898247	12.688226,46.346981,-65.413940	13.391578,46.276260,-70.345573
15.953616,39.309147,-79.757118	8.423861,28.253307,-79.818649	24.891233,37.526615,-79.820129
21.499516,42.718994,-79.688179	15.953616,39.309147,-79.757118	24.891233,37.526615,-79.820129
20.370497,22.583748,-80.208389	22.461279,23.455160,-78.545319	21.892000,23.606535,-80.195602
26.026962,26.982685,-78.536942	27.103050,29.765743,-79.359268	26.254892,27.852751,-79.328522
26.831543,41.358883,-79.310486	27.362928,41.188522,-77.838554	25.995651,43.155182,-77.816025
28.627171,32.257397,-74.520363	28.177008,30.230513,-74.741745	28.048883,32.698994,-67.381447
17.601610,46.344662,-39.630016	15.013032,45.752628,-37.856728	14.857397,45.979599,-39.065639
26.926394,34.864346,-56.984360	27.180090,31.536320,-59.949429	27.003052,31.124247,-57.492008
26.549124,36.945351,-56.657787	26.585728,36.441563,-58.933193	26.926394,34.864346,-56.984360
26.585728,36.441563,-58.933193	26.549124,36.945351,-56.657787	25.903551,40.312729,-57.297127
19.647049,23.004940,-38.134651	23.788305,25.471748,-37.444855	22.266794,23.601171,-38.040787
28.816597,34.768608,-48.142811	28.025330,34.895283,-52.532185	28.467667,32.610554,-52.325451
24.081751,33.066036,-37.029182	26.275900,39.009850,-37.092503	27.790838,37.231995,-37.639984
26.282385,39.882290,-37.607430	27.790838,37.231995,-37.639984	26.275900,39.009850,-37.092503
8.836328,43.759464,-47.309570	7.785690,41.918247,-38.424431	6.770850,42.045856,-51.245144
23.393827,45.293186,-75.178764	20.825661,45.789242,-68.223015	21.009518,46.338104,-74.089622
18.106455,46.776146,-48.576950	14.644444,46.439289,-48.554459	16.723412,46.367447,-57.465580
19.685192,22.363855,-54.830856	21.283615,23.366854,-58.502140	19.944084,22.653011,-66.276222
19.776840,46.128075,-40.493023	17.601610,46.344662,-39.630016	18.106455,46.776146,-48.576950
26.476458,29.065001,-57.357086	26.350456,28.509508,-59.149944	25.265417,26.746471,-57.890839
25.189932,42.283684,-54.729168	26.066952,40.896358,-59.900024	25.903551,40.312729,-57.297127
23.788305,25.471748,-37.444855	19.647049,23.004940,-38.134651	17.062536,25.628687,-37.794567
22.272535,22.000748,-38.584312	18.161911,21.005421,-38.594128	19.647049,23.004940,-38.134651
28.816597,34.768608,-48.142811	26.549124,36.945351,-56.657787	28.025330,34.895283,-52.532185
28.816597,34.768608,-48.142811	27.286415,39.462605,-48.089485	26.549124,36.945351,-56.657787
26.214836,24.896360,-37.686844	23.788305,25.471748,-37.444855	27.654140,27.044109,-37.620842
25.525244,39.904247,-36.776482	26.282385,39.882290,-37.607430	25.134809,39.481934,-36.868641
26.282385,39.882290,-37.607430	26.275900,39.009850,-37.092503	25.134809,39.481934,-36.868641
25.525244,39.904247,-36.776482	24.836119,41.084724,-36.822430	26.282385,39.882290,-37.607430
24.836119,41.084724,-36.822430	24.208590,43.259975,-37.744057	26.282385,39.882290,-37.607430
11.429725,46.205883,-72.194176	9.898885,45.495289,-68.660988	11.793865,46.841740,-77.680748
4.552116,39.436882,-58.710133	5.704237,40.309719,-49.638550	4.378229,37.827614,-52.524761
17.781799,46.368591,-70.166489	13.391578,46.276260,-70.345573	15.614384,47.271179,-76.045837
8.423861,28.253307,-79.818649	19.332460,31.017612,-80.096260	24.891233,37.526615,-79.820129
12.385038,22.388336,-79.836006	17.849020,22.105312,-80.120087	21.683409,25.844776,-80.413445
20.133221,46.355114,-79.323151	16.222063,44.723030,-79.467056	21.499516,42.718994,-79.688179
25.995651,43.155182,-77.816025	23.880241,44.343441,-79.319244	26.831543,41.358883,-79.310486
23.817434,44.878086,-78.183975	23.880241,44.343441,-79.319244	25.995651,43.155182,-77.816025
14.857397,45.979599,-39.065639	10.703013,44.963482,-47.264679	14.644444,46.439289,-48.554459
25.587009,42.939537,-71.640480	27.362928,41.188522,-77.838554	25.926554,41.823444,-68.073792
25.548016,26.629747,-53.991840	27.092154,26.742617,-47.075085	27.345980,28.880228,-52.675629
23.788305,25.471748,-37.444855	24.081751,33.066036,-37.029182	27.654140,27.044109,-37.620842
26.275900,39.009850,-37.092503	22.881033,37.442963,-36.605309	25.134809,39.481934,-36.868641
26.214836,24.896360,-37.686844	24.434929,23.593376,-37.682281	23.788305,25.471748,-37.444855
9.898885,45.495289,-68.660988	8.517341,45.451508,-76.210114	11.793865,46.841740,-77.680748
8.503053,23.567389,-56.018353	8.534437,22.633957,-63.463161	6.727466,24.372904,-62.144142
12.688226,46.346981,-65.413940	11.156127,45.673264,-60.222588	9.898885,45.495289,-68.660988
19.332460,31.017612,-80.096260	12.649499,25.103554,-79.868660	21.683409,25.844776,-80.413445
16.222063,44.723030,-79.467056	15.953616,39.309147,-79.757118	21.499516,42.718994,-79.688179
18.282003,21.795683,-80.208641	17.849020,22.105312,-80.120087	18.027060,21.380699,-79.286995
18.282003,21.795683,-80.208641	18.027060,21.380699,-79.286995	20.370497,22.583748,-80.208389
5.737638,26.905264,-52.428444	6.441733,26.165983,-41.625916	6.673568,25.479004,-49.361172
5.737638,26.905264,-52.428444	5.371635,27.948439,-45.034367	6.441733,26.165983,-41.625916
14.644444,46.439289,-48.554459	12.154935,45.435490,-54.129894	16.723412,46.367447,-57.465580
17.601610,46.344662,-39.630016	14.644444,46.439289,-48.554459	18.106455,46.776146,-48.576950
19.647049,23.004940,-38.134651	18.161911,21.005421,-38.594128	17.840633,22.454388,-37.920490
2.510010,32.944405,-76.855019	2.889525,30.001766,-72.043259	3.123417,29.397224,-77.201576
3.123417,29.397224,-77.201576	2.889525,30.001766,-72.043259	3.814465,27.242937,-76.664856
26.275900,39.009850,-37.092503	24.081751,33.066036,-37.029182	22.881033,37.442963,-36.605309
23.788305,25.471748,-37.444855	24.434929,23.593376,-37.682281	23.631815,23.423285,-38.131001
24.208590,43.259975,-37.744057	24.836119,41.084724,-36.822430	23.630384,42.609756,-36.661263
29.388485,35.668468,-40.368267	27.486975,39.662941,-42.286667	27.286415,39.462605,-48.089485
7.782611,22.548687,-72.281624	9.897419,21.378899,-77.804787	7.720747,22.512777,-77.767464
15.195912,47.292080,-79.322960	16.222063,44.723030,-79.467056	20.133221,46.355114,-79.323151
21.009518,46.338104,-74.089622	17.781799,46.368591,-70.166489	18.433931,47.119350,-75.795914
20.133221,46.355114,-79.323151	23.880241,44.343441,-79.319244	23.817434,44.878086,-78.183975
6.441733,26.165983,-41.625916	7.549045,25.391785,-39.036816	7.441796,24.790762,-41.686428
28.852514,32.927116,-78.584656	28.719275,36.183891,-76.463844	28.945713,36.950409,-78.489983
17.840633,22.454388,-37.920490	17.062536,25.628687,-37.794567	19.647049,23.004940,-38.134651
18.161911,21.005421,-38.594128	17.205080,21.475288,-37.734772	17.840633,22.454388,-37.920490
23.630384,42.609756,-36.661263	22.202553,44.141174,-36.791431	24.208590,43.259975,-37.744057
22.838737,44.532600,-38.122631	24.208590,43.259975,-37.744057	22.202553,44.141174,-36.791431
25.828413,42.453045,-41.329903	25.906773,42.220024,-47.609821	27.486975,39.662941,-42.286667
4.548877,40.231770,-67.087189	3.712730,37.398529,-64.026604	3.539868,38.486870,-71.160454
8.517341,45.451508,-76.210114	7.307731,44.034935,-68.358269	6.484365,43.862766,-75.869438
16.310032,20.862062,-79.976646	16.310032,21.060621,-79.318184	16.413910,21.304199,-79.877876
16.310032,21.060621,-79.318184	17.849020,22.105312,-80.120087	16.413910,21.304199,-79.877876
16.310032,21.060621,-79.318184	18.027060,21.380699,-79.286995	17.849020,22.105312,-80.120087
4.109051,33.380424,-49.485355	4.567071,35.511879,-45.379391	4.702656,32.127083,-42.168301
27.034498,28.520658,-77.101715	28.050068,30.485981,-78.200592	26.026962,26.982685,-78.536942
12.046163,23.988216,-37.553509	17.062536,25.628687,-37.794567	17.840633,22.454388,-37.920490
16.348648,20.898830,-38.831863	17.205080,21.475288,-37.734772	18.161911,21.005421,-38.594128
18.359549,46.039547,-38.159313	15.013032,45.752628,-37.856728	17.601610,46.344662,-39.630016
19.471863,21.236820,-42.395012	21.184530,22.944048,-46.911831	18.414957,21.976353,-46.063202
2.782457,35.752449,-71.769531	3.712730,37.398529,-64.026604	3.340195,34.533039,-63.156475
2.760145,32.197247,-70.511246	3.985688,29.247160,-62.797806	2.889525,30.001766,-72.043259
2.782457,35.752449,-71.769531	3.539868,38.486870,-71.160454	3.712730,37.398529,-64.026604
12.649499,25.103554,-79.868660	12.385038,22.388336,-79.836006	21.683409,25.844776,-80.413445
16.310032,20.862062,-79.976646	14.742282,21.022905,-79.633247	16.310032,21.060621,-79.318184
16.310032,20.862062,-79.976646	16.413910,21.304199,-79.877876	13.388940,20.838329,-80.203087
16.310032,20.862062,-79.976646	13.388940,20.838329,-80.203087	14.742282,21.022905,-79.633247
17.781799,46.368591,-70.166489	15.614384,47.271179,-76.045837	18.433931,47.119350,-75.795914
4.702656,32.127083,-42.168301	5.606025,36.568928,-39.345890	5.548430,29.445673,-39.569248
24.005585,24.706776,-66.454208	26.003281,26.918859,-63.014854	25.909822,26.241169,-67.836678
13.862271,21.389700,-37.676167	17.205080,21.475288,-37.734772	16.348648,20.898830,-38.831863
27.320971,32.004780,-56.135818	26.926394,34.864346,-56.984360	27.003052,31.124247,-57.492008
24.081751,33.066036,-37.029182	17.070511,40.096703,-36.287849	22.881033,37.442963,-36.605309
20.735291,45.425285,-38.021881	22.838737,44.532600,-38.122631	22.202553,44.141174,-36.791431
25.828413,42.453045,-41.329903	24.314585,44.032932,-43.840408	25.906773,42.220024,-47.609821
28.467667,32.610554,-52.325451	28.027979,30.469915,-52.703697	28.218199,28.444149,-46.441055
4.552116,39.436882,-58.710133	3.712730,37.398529,-64.026604	4.548877,40.231770,-67.087189
13.388940,20.838329,-80.203087	17.849020,22.105312,-80.120087	12.385038,22.388336,-79.836006
18.708101,21.331266,-77.732124	22.461279,23.455160,-78.545319	20.370497,22.583748,-80.208389
27.644617,29.976519,-69.985588	28.048883,32.698994,-67.381447	28.177008,30.230513,-74.741745
13.181994,21.250357,-38.957233	13.862271,21.389700,-37.676167	16.348648,20.898830,-38.831863
16.908762,31.432562,-37.114063	17.070511,40.096703,-36.287849	24.081751,33.066036,-37.029182
23.788305,25.471748,-37.444855	16.908762,31.432562,-37.114063	24.081751,33.066036,-37.029182
20.735291,45.425285,-38.021881	22.202553,44.141174,-36.791431	18.924656,45.310829,-36.748508
27.345980,28.880228,-52.675629	28.218199,28.444149,-46.441055	28.027979,30.469915,-52.703697
5.668458,24.413776,-77.352654	3.814465,27.242937,-76.664856	5.811137,24.589109,-70.835518
5.811137,24.589109,-70.835518	3.814465,27.242937,-76.664856	4.064557,26.989017,-72.184471
13.388940,20.838329,-80.203087	11.836911,21.163944,-79.308884	14.742282,21.022905,-79.633247
16.222063,44.723030,-79.467056	15.195912,47.292080,-79.322960	11.527699,44.021069,-79.452377
8.609596,43.803677,-55.116222	6.507918,42.609966,-61.042313	11.156127,45.673264,-60.222588
5.704237,40.309719,-49.638550	6.770850,42.045856,-51.245144	7.785690,41.918247,-38.424431
7.549045,25.391785,-39.036816	9.876285,22.934649,-38.987705	7.441796,24.790762,-41.686428
27.362928,41.188522,-77.838554	27.300995,39.181614,-67.211441	25.926554,41.823444,-68.073792
23.047287,23.739069,-46.901505	24.763178,24.604301,-45.970428	19.685192,22.363855,-54.830856
24.712816,43.143433,-61.493095	25.189932,42.283684,-54.729168	23.930307,44.102856,-55.420853
26.066952,40.896358,-59.900024	25.189932,42.283684,-54.729168	24.712816,43.143433,-61.493095
18.924656,45.310829,-36.748508	18.359549,46.039547,-38.159313	20.735291,45.425285,-38.021881
22.375479,21.969250,-40.438038	24.763178,24.604301,-45.970428	23.047287,23.739069,-46.901505
2.867893,36.558369,-76.307831	4.329114,40.685490,-75.693298	3.539868,38.486870,-71.160454
25.134809,39.481934,-36.868641	24.836119,41.084724,-36.822430	25.525244,39.904247,-36.776482
13.388940,20.838329,-80.203087	12.106012,20.848661,-80.228813	11.836911,21.163944,-79.308884
11.804871,46.671692,-79.311569	11.527699,44.021069,-79.452377	15.195912,47.292080,-79.322960
18.027060,21.380699,-79.286995	18.708101,21.331266,-77.732124	20.370497,22.583748,-80.208389
8.031417,24.131056,-52.355789	10.375629,22.679832,-53.363911	8.503053,23.567389,-56.018353
15.013032,45.752628,-37.856728	9.983008,43.668201,-38.003357	14.857397,45.979599,-39.065639
17.601610,46.344662,-39.630016	14.857397,45.979599,-39.065639	14.644444,46.439289,-48.554459
27.080919,34.154202,-61.913261	27.923847,34.878853,-64.801796	28.048883,32.698994,-67.381447
27.180090,31.536320,-59.949429	28.048883,32.698994,-67.381447	27.199345,29.161430,-62.167000
25.548016,26.629747,-53.991840	23.666887,24.962988,-57.954517	27.092154,26.742617,-47.075085
22.881033,37.442963,-36.605309	24.836119,41.084724,-36.822430	25.134809,39.481934,-36.868641
7.782611,22.548687,-72.281624	9.333786,21.735538,-70.610878	9.897419,21.378899,-77.804787
19.332460,31.017612,-80.096260	8.423861,28.253307,-79.818649	12.649499,25.103554,-79.868660
12.106012,20.848661,-80.228813	12.385038,22.388336,-79.836006	11.836911,21.163944,-79.308884
12.385038,22.388336,-79.836006	12.106012,20.848661,-80.228813	13.388940,20.838329,-80.203087
11.804871,46.671692,-79.311569	11.067257,45.807919,-79.033150	11.527699,44.021069,-79.452377
15.195912,47.292080,-79.322960	20.133221,46.355114,-79.323151	18.433931,47.119350,-75.795914
4.448375,30.365070,-48.526939	4.109051,33.380424,-49.485355	5.371635,27.948439,-45.034367
6.441733,26.165983,-41.625916	6.664608,28.104080,-37.688091	7.549045,25.391785,-39.036816
23.862356,44.491234,-71.069092	25.587009,42.939537,-71.640480	23.515583,44.220741,-67.694946
28.257931,39.183994,-78.271477	28.945713,36.950409,-78.489983	28.719275,36.183891,-76.463844
28.177008,30.230513,-74.741745	28.852514,32.927116,-78.584656	28.050068,30.485981,-78.200592
17.062536,25.628687,-37.794567	12.046163,23.988216,-37.553509	8.534925,31.252537,-37.828175
13.181994,21.250357,-38.957233	10.154257,23.171196,-37.680431	13.862271,21.389700,-37.676167
26.066952,40.896358,-59.900024	25.926554,41.823444,-68.073792	27.300995,39.181614,-67.211441
18.924656,45.310829,-36.748508	17.215557,45.366104,-36.461056	18.359549,46.039547,-38.159313
19.471863,21.236820,-42.395012	23.047287,23.739069,-46.901505	21.184530,22.944048,-46.911831
25.906773,42.220024,-47.609821	24.059645,44.373104,-49.680542	25.189932,42.283684,-54.729168
2.867893,36.558369,-76.307831	2.782457,35.752449,-71.769531	2.510010,32.944405,-76.855019
22.881033,37.442963,-36.605309	17.070511,40.096703,-36.287849	24.836119,41.084724,-36.822430
17.070511,40.096703,-36.287849	23.630384,42.609756,-36.661263	24.836119,41.084724,-36.822430
12.649499,25.103554,-79.868660	10.730135,21.512709,-79.362000	12.385038,22.388336,-79.836006
11.836911,21.163944,-79.308884	12.385038,22.388336,-79.836006	10.730135,21.512709,-79.362000
6.507918,42.609966,-61.042313	6.770850,42.045856,-51.245144	5.266993,41.167690,-61.028091
16.310032,21.060621,-79.318184	18.708101,21.331266,-77.732124	18.027060,21.380699,-79.286995
14.898254,20.931555,-77.882439	18.708101,21.331266,-77.732124	16.310032,21.060621,-79.318184
23.817434,44.878086,-78.183975	20.512182,46.551369,-77.218498	20.133221,46.355114,-79.323151
5.872009,30.976322,-38.569759	5.548430,29.445673,-39.569248	5.606025,36.568928,-39.345890
6.664608,28.104080,-37.688091	6.441733,26.165983,-41.625916	5.548430,29.445673,-39.569248
5.606025,36.568928,-39.345890	5.934623,34.025711,-38.500854	5.872009,30.976322,-38.569759
28.177008,30.230513,-74.741745	28.050068,30.485981,-78.200592	27.034498,28.520658,-77.101715
13.181994,21.250357,-38.957233	9.876285,22.934649,-38.987705	10.154257,23.171196,-37.680431
17.205080,21.475288,-37.734772	12.046163,23.988216,-37.553509	17.840633,22.454388,-37.920490
23.788305,25.471748,-37.444855	17.062536,25.628687,-37.794567	16.908762,31.432562,-37.114063
17.215557,45.366104,-36.461056	15.013032,45.752628,-37.856728	18.359549,46.039547,-38.159313
17.215557,45.366104,-36.461056	14.861089,45.271275,-36.759285	15.013032,45.752628,-37.856728
25.563698,24.172930,-39.758896	27.092154,26.742617,-47.075085	24.763178,24.604301,-45.970428
5.811137,24.589109,-70.835518	7.782611,22.548687,-72.281624	5.668458,24.413776,-77.352654
7.907803,36.766201,-79.151184	16.222063,44.723030,-79.467056	11.527699,44.021069,-79.452377
8.534437,22.633957,-63.463161	9.333786,21.735538,-70.610878	7.782611,22.548687,-72.281624
14.742282,21.022905,-79.633247	14.898254,20.931555,-77.882439	16.310032,21.060621,-79.318184
23.862356,44.491234,-71.069092	20.825661,45.789242,-68.223015	23.393827,45.293186,-75.178764
12.338969,21.783892,-44.978195	16.162098,20.823744,-41.133049	14.574674,21.540131,-45.784935
13.862271,21.389700,-37.676167	12.046163,23.988216,-37.553509	17.205080,21.475288,-37.734772
27.003052,31.124247,-57.492008	26.476458,29.065001,-57.357086	27.345980,28.880228,-52.675629
18.908823,43.812191,-36.432533	23.630384,42.609756,-36.661263	17.070511,40.096703,-36.287849
18.908823,43.812191,-36.432533	22.202553,44.141174,-36.791431	23.630384,42.609756,-36.661263
8.423861,28.253307,-79.818649	10.730135,21.512709,-79.362000	12.649499,25.103554,-79.868660
7.782611,22.548687,-72.281624	5.811137,24.589109,-70.835518	8.534437,22.633957,-63.463161
11.346909,21.217148,-67.600296	12.457859,21.133223,-73.931816	9.897419,21.378899,-77.804787
7.441796,24.790762,-41.686428	9.392644,22.952087,-44.670212	6.673568,25.479004,-49.361172
27.034498,28.520658,-77.101715	26.026962,26.982685,-78.536942	24.186630,24.797421,-78.157219
10.154257,23.171196,-37.680431	9.876285,22.934649,-38.987705	9.037356,24.442911,-37.351887
25.548016,26.629747,-53.991840	26.476458,29.065001,-57.357086	25.265417,26.746471,-57.890839
18.908823,43.812191,-36.432533	18.924656,45.310829,-36.748508	22.202553,44.141174,-36.791431
27.345980,28.880228,-52.675629	27.092154,26.742617,-47.075085	28.218199,28.444149,-46.441055
4.329114,40.685490,-75.693298	5.437956,42.594193,-74.300484	4.548877,40.231770,-67.087189
10.730135,21.512709,-79.362000	8.423861,28.253307,-79.818649	7.973339,22.865707,-79.333092
29.019779,29.442379,-41.076965	29.599386,33.714878,-42.109009	29.204700,30.423630,-43.788700
2.760145,32.197247,-70.511246	4.109051,33.380424,-49.485355	4.148901,30.447105,-56.101963
15.614384,47.271179,-76.045837	11.793865,46.841740,-77.680748	15.195912,47.292080,-79.322960
11.836911,21.163944,-79.308884	14.898254,20.931555,-77.882439	14.742282,21.022905,-79.633247
11.346909,21.217148,-67.600296	14.065039,21.149279,-59.708412	12.457859,21.133223,-73.931816
6.673568,25.479004,-49.361172	6.441733,26.165983,-41.625916	7.441796,24.790762,-41.686428
25.995651,43.155182,-77.816025	23.393827,45.293186,-75.178764	23.817434,44.878086,-78.183975
9.047187,26.457499,-37.411423	7.655786,27.970755,-37.517815	8.534925,31.252537,-37.828175
9.037356,24.442911,-37.351887	9.876285,22.934649,-38.987705	7.549045,25.391785,-39.036816
8.180150,25.387327,-37.686523	9.037356,24.442911,-37.351887	7.549045,25.391785,-39.036816
8.534925,31.252537,-37.828175	17.070511,40.096703,-36.287849	16.908762,31.432562,-37.114063
16.908762,31.432562,-37.114063	17.062536,25.628687,-37.794567	8.534925,31.252537,-37.828175
14.574674,21.540131,-45.784935	19.471863,21.236820,-42.395012	18.414957,21.976353,-46.063202
25.265417,26.746471,-57.890839	23.666887,24.962988,-57.954517	25.548016,26.629747,-53.991840
23.054916,44.925526,-40.084507	21.965187,45.495773,-44.085152	24.314585,44.032932,-43.840408
15.953616,39.309147,-79.757118	5.663777,30.678589,-79.453964	8.423861,28.253307,-79.818649
15.953616,39.309147,-79.757118	7.907803,36.766201,-79.151184	5.663777,30.678589,-79.453964
11.978849,20.949310,-78.069679	14.898254,20.931555,-77.882439	11.836911,21.163944,-79.308884
11.793865,46.841740,-77.680748	11.804871,46.671692,-79.311569	15.195912,47.292080,-79.322960
20.512182,46.551369,-77.218498	18.433931,47.119350,-75.795914	20.133221,46.355114,-79.323151
6.412516,29.847795,-37.729221	8.534925,31.252537,-37.828175	7.655786,27.970755,-37.517815
7.450500,26.659019,-37.582718	8.180150,25.387327,-37.686523	7.549045,25.391785,-39.036816
7.785690,41.918247,-38.424431	7.275975,40.453506,-37.687325	6.785114,40.572243,-39.481331
9.392644,22.952087,-44.670212	12.338969,21.783892,-44.978195	10.375629,22.679832,-53.363911
14.861089,45.271275,-36.759285	9.983008,43.668201,-38.003357	15.013032,45.752628,-37.856728
14.861089,45.271275,-36.759285	11.232248,43.714062,-36.721165	9.983008,43.668201,-38.003357
16.162098,20.823744,-41.133049	19.471863,21.236820,-42.395012	14.574674,21.540131,-45.784935
27.180090,31.536320,-59.949429	27.080919,34.154202,-61.913261	28.048883,32.698994,-67.381447
2.889525,30.001766,-72.043259	4.064557,26.989017,-72.184471	3.814465,27.242937,-76.664856
5.663777,30.678589,-79.453964	4.586739,27.432034,-79.252144	8.423861,28.253307,-79.818649
16.222063,44.723030,-79.467056	7.907803,36.766201,-79.151184	15.953616,39.309147,-79.757118
18.441858,21.970259,-74.469124	19.944084,22.653011,-66.276222	21.644308,23.461212,-71.789581
22.072891,23.088516,-75.835991	24.186630,24.797421,-78.157219	22.461279,23.455160,-78.545319
5.872009,30.976322,-38.569759	7.086185,33.275269,-37.940948	8.534925,31.252537,-37.828175
6.535932,31.174559,-38.207748	5.872009,30.976322,-38.569759	8.534925,31.252537,-37.828175
6.412516,29.847795,-37.729221	6.535932,31.174559,-38.207748	8.534925,31.252537,-37.828175
7.086185,33.275269,-37.940948	5.934623,34.025711,-38.500854	6.455170,34.479591,-37.687622
6.028361,38.758633,-39.661091	7.275975,40.453506,-37.687325	7.123274,39.039654,-37.344917
6.028361,38.758633,-39.661091	7.123274,39.039654,-37.344917	5.606025,36.568928,-39.345890
6.028361,38.758633,-39.661091	6.785114,40.572243,-39.481331	7.275975,40.453506,-37.687325
6.664608,28.104080,-37.688091	7.450500,26.659019,-37.582718	7.549045,25.391785,-39.036816
24.005585,24.706776,-66.454208	25.909822,26.241169,-67.836678	24.099371,25.125717,-73.644051
25.926554,41.823444,-68.073792	23.515583,44.220741,-67.694946	25.587009,42.939537,-71.640480
28.627171,32.257397,-74.520363	28.719275,36.183891,-76.463844	28.852514,32.927116,-78.584656
28.430147,36.437550,-71.245918	28.719275,36.183891,-76.463844	28.627171,32.257397,-74.520363
28.627171,32.257397,-74.520363	28.852514,32.927116,-78.584656	28.177008,30.230513,-74.741745
12.046163,23.988216,-37.553509	13.862271,21.389700,-37.676167	10.154257,23.171196,-37.680431
21.184530,22.944048,-46.911831	19.685192,22.363855,-54.830856	17.895044,22.142817,-50.062466
26.066952,40.896358,-59.900024	27.300995,39.181614,-67.211441	27.224001,38.026283,-62.268314
18.908823,43.812191,-36.432533	17.070511,40.096703,-36.287849	17.373838,44.349293,-36.110813
17.215067,44.910435,-35.876511	17.215557,45.366104,-36.461056	17.373838,44.349293,-36.110813
17.215557,45.366104,-36.461056	18.908823,43.812191,-36.432533	17.373838,44.349293,-36.110813
17.215557,45.366104,-36.461056	18.924656,45.310829,-36.748508	18.908823,43.812191,-36.432533
23.054916,44.925526,-40.084507	19.776840,46.128075,-40.493023	21.965187,45.495773,-44.085152
22.375479,21.969250,-40.438038	23.047287,23.739069,-46.901505	19.471863,21.236820,-42.395012
2.782457,35.752449,-71.769531	2.760145,32.197247,-70.511246	2.510010,32.944405,-76.855019
2.760145,32.197247,-70.511246	2.889525,30.001766,-72.043259	2.510010,32.944405,-76.855019
4.586739,27.432034,-79.252144	5.234989,26.043423,-79.312202	8.423861,28.253307,-79.818649
8.423861,28.253307,-79.818649	5.234989,26.043423,-79.312202	7.973339,22.865707,-79.333092
25.563698,24.172930,-39.758896	27.916359,26.961607,-39.247730	27.092154,26.742617,-47.075085
10.730135,21.512709,-79.362000	11.978849,20.949310,-78.069679	11.836911,21.163944,-79.308884
11.804871,46.671692,-79.311569	10.727211,46.380836,-78.470917	11.067257,45.807919,-79.033150
11.793865,46.841740,-77.680748	10.727211,46.380836,-78.470917	11.804871,46.671692,-79.311569
18.433931,47.119350,-75.795914	15.614384,47.271179,-76.045837	15.195912,47.292080,-79.322960
8.609596,43.803677,-55.116222	8.836328,43.759464,-47.309570	6.770850,42.045856,-51.245144
17.431158,21.852472,-71.593269	19.944084,22.653011,-66.276222	18.441858,21.970259,-74.469124
23.393827,45.293186,-75.178764	20.512182,46.551369,-77.218498	23.817434,44.878086,-78.183975
5.606025,36.568928,-39.345890	7.123274,39.039654,-37.344917	6.461860,35.365616,-37.743801
5.872009,30.976322,-38.569759	6.535932,31.174559,-38.207748	6.412516,29.847795,-37.729221
5.872009,30.976322,-38.569759	6.412516,29.847795,-37.729221	5.548430,29.445673,-39.569248
5.606025,36.568928,-39.345890	6.461860,35.365616,-37.743801	6.455170,34.479591,-37.687622
5.606025,36.568928,-39.345890	6.455170,34.479591,-37.687622	5.934623,34.025711,-38.500854
5.548430,29.445673,-39.569248	6.412516,29.847795,-37.729221	6.664608,28.104080,-37.688091
5.934623,34.025711,-38.500854	7.086185,33.275269,-37.940948	5.872009,30.976322,-38.569759
21.644308,23.461212,-71.789581	24.005585,24.706776,-66.454208	24.099371,25.125717,-73.644051
7.917264,35.192917,-37.306423	7.715683,39.523663,-36.741955	17.070511,40.096703,-36.287849
8.534925,31.252537,-37.828175	7.917264,35.192917,-37.306423	17.070511,40.096703,-36.287849
9.047187,26.457499,-37.411423	8.534925,31.252537,-37.828175	12.046163,23.988216,-37.553509
24.712816,43.143433,-61.493095	25.926554,41.823444,-68.073792	26.066952,40.896358,-59.900024
17.215557,45.366104,-36.461056	17.215067,44.910435,-35.876511	16.269251,44.768780,-35.977814
28.027979,30.469915,-52.703697	27.320971,32.004780,-56.135818	27.003052,31.124247,-57.492008
28.027979,30.469915,-52.703697	27.003052,31.124247,-57.492008	27.345980,28.880228,-52.675629
5.663777,30.678589,-79.453964	4.395628,29.708458,-79.216331	4.379818,28.157150,-78.857178
4.586739,27.432034,-79.252144	5.663777,30.678589,-79.453964	4.379818,28.157150,-78.857178
11.067257,45.807919,-79.033150	9.097199,45.550049,-78.457565	11.527699,44.021069,-79.452377
10.727211,46.380836,-78.470917	9.097199,45.550049,-78.457565	11.067257,45.807919,-79.033150
11.978849,20.949310,-78.069679	10.730135,21.512709,-79.362000	9.897419,21.378899,-77.804787
3.985688,29.247160,-62.797806	5.737638,26.905264,-52.428444	4.986773,26.677013,-64.012177
20.825661,45.789242,-68.223015	23.862356,44.491234,-71.069092	23.515583,44.220741,-67.694946
9.974788,23.577168,-37.340912	9.047187,26.457499,-37.411423	12.046163,23.988216,-37.553509
12.046163,23.988216,-37.553509	10.154257,23.171196,-37.680431	9.974788,23.577168,-37.340912
16.269251,44.768780,-35.977814	14.265308,42.126667,-36.342388	15.520437,44.304565,-36.342949
17.070511,40.096703,-36.287849	14.265308,42.126667,-36.342388	16.269251,44.768780,-35.977814
15.520437,44.304565,-36.342949	17.215557,45.366104,-36.461056	16.269251,44.768780,-35.977814
15.520437,44.304565,-36.342949	14.861089,45.271275,-36.759285	17.215557,45.366104,-36.461056
3.845590,30.167063,-79.327499	4.395628,29.708458,-79.216331	5.663777,30.678589,-79.453964
3.845590,30.167063,-79.327499	5.663777,30.678589,-79.453964	3.692633,33.388889,-79.260880
29.204700,30.423630,-43.788700	28.467667,32.610554,-52.325451	28.218199,28.444149,-46.441055
10.730135,21.512709,-79.362000	7.973339,22.865707,-79.333092	9.897419,21.378899,-77.804787
6.727466,24.372904,-62.144142	8.534437,22.633957,-63.463161	5.811137,24.589109,-70.835518
10.375629,22.679832,-53.363911	10.697019,21.729095,-61.524635	8.534437,22.633957,-63.463161
8.534437,22.633957,-63.463161	8.503053,23.567389,-56.018353	10.375629,22.679832,-53.363911
18.708101,21.331266,-77.732124	22.072891,23.088516,-75.835991	22.461279,23.455160,-78.545319
8.609596,43.803677,-55.116222	12.154935,45.435490,-54.129894	10.703013,44.963482,-47.264679
9.974788,23.577168,-37.340912	10.154257,23.171196,-37.680431	9.037356,24.442911,-37.351887
9.047187,26.457499,-37.411423	9.974788,23.577168,-37.340912	9.037356,24.442911,-37.351887
14.265308,42.126667,-36.342388	14.861089,45.271275,-36.759285	15.520437,44.304565,-36.342949
26.094376,40.373867,-53.872334	25.189932,42.283684,-54.729168	25.903551,40.312729,-57.297127
26.094376,40.373867,-53.872334	25.903551,40.312729,-57.297127	26.549124,36.945351,-56.657787
22.375479,21.969250,-40.438038	25.563698,24.172930,-39.758896	24.763178,24.604301,-45.970428
4.357797,39.728462,-78.445587	4.322479,35.480804,-78.728691	11.527699,44.021069,-79.452377
11.527699,44.021069,-79.452377	4.322479,35.480804,-78.728691	7.907803,36.766201,-79.151184
9.897419,21.378899,-77.804787	7.973339,22.865707,-79.333092	7.720747,22.512777,-77.767464
29.383169,34.877266,-38.892941	29.599386,33.714878,-42.109009	28.923212,31.093214,-38.706619
29.383169,34.877266,-38.892941	29.388485,35.668468,-40.368267	29.599386,33.714878,-42.109009
28.923212,31.093214,-38.706619	29.599386,33.714878,-42.109009	29.019779,29.442379,-41.076965
9.333786,21.735538,-70.610878	11.346909,21.217148,-67.600296	9.897419,21.378899,-77.804787
16.723412,46.367447,-57.465580	12.154935,45.435490,-54.129894	11.156127,45.673264,-60.222588
27.034498,28.520658,-77.101715	24.186630,24.797421,-78.157219	24.099371,25.125717,-73.644051
9.047187,26.457499,-37.411423	8.179235,26.235937,-36.864716	7.655786,27.970755,-37.517815
8.180150,25.387327,-37.686523	9.047187,26.457499,-37.411423	9.037356,24.442911,-37.351887
7.785690,41.918247,-38.424431	9.534930,42.396740,-36.589706	7.715683,39.523663,-36.741955
8.179235,26.235937,-36.864716	9.047187,26.457499,-37.411423	8.180150,25.387327,-37.686523
9.983008,43.668201,-38.003357	9.534930,42.396740,-36.589706	7.785690,41.918247,-38.424431
11.232248,43.714062,-36.721165	14.861089,45.271275,-36.759285	14.265308,42.126667,-36.342388
25.906773,42.220024,-47.609821	25.189932,42.283684,-54.729168	27.286415,39.462605,-48.089485
4.329114,40.685490,-75.693298	4.548877,40.231770,-67.087189	3.539868,38.486870,-71.160454
7.037109,43.918209,-78.404869	4.357797,39.728462,-78.445587	11.527699,44.021069,-79.452377
11.527699,44.021069,-79.452377	9.097199,45.550049,-78.457565	7.037109,43.918209,-78.404869
27.424192,39.356434,-39.175694	27.486975,39.662941,-42.286667	29.388485,35.668468,-40.368267
4.986773,26.677013,-64.012177	6.727466,24.372904,-62.144142	5.811137,24.589109,-70.835518
4.109051,33.380424,-49.485355	4.448375,30.365070,-48.526939	4.148901,30.447105,-56.101963
6.507918,42.609966,-61.042313	8.609596,43.803677,-55.116222	6.770850,42.045856,-51.245144
7.450500,26.659019,-37.582718	7.655786,27.970755,-37.517815	8.179235,26.235937,-36.864716
7.086185,33.275269,-37.940948	7.917264,35.192917,-37.306423	8.534925,31.252537,-37.828175
7.215459,35.347240,-37.134716	7.715683,39.523663,-36.741955	7.917264,35.192917,-37.306423
7.215459,35.347240,-37.134716	7.123274,39.039654,-37.344917	7.715683,39.523663,-36.741955
7.715683,39.523663,-36.741955	7.123274,39.039654,-37.344917	7.275975,40.453506,-37.687325
7.275975,40.453506,-37.687325	7.785690,41.918247,-38.424431	7.715683,39.523663,-36.741955
8.179235,26.235937,-36.864716	8.180150,25.387327,-37.686523	7.450500,26.659019,-37.582718
9.392644,22.952087,-44.670212	13.181994,21.250357,-38.957233	12.338969,21.783892,-44.978195
7.715683,39.523663,-36.741955	14.265308,42.126667,-36.342388	17.070511,40.096703,-36.287849
21.184530,22.944048,-46.911831	23.047287,23.739069,-46.901505	19.685192,22.363855,-54.830856
3.539868,38.486870,-71.160454	2.782457,35.752449,-71.769531	2.867893,36.558369,-76.307831
7.973339,22.865707,-79.333092	5.668458,24.413776,-77.352654	7.720747,22.512777,-77.767464
5.736908,42.101601,-66.738022	5.266993,41.167690,-61.028091	4.548877,40.231770,-67.087189
4.109051,33.380424,-49.485355	4.702656,32.127083,-42.168301	5.371635,27.948439,-45.034367
17.781799,46.368591,-70.166489	21.009518,46.338104,-74.089622	20.825661,45.789242,-68.223015
22.072891,23.088516,-75.835991	24.099371,25.125717,-73.644051	24.186630,24.797421,-78.157219
6.461860,35.365616,-37.743801	7.215459,35.347240,-37.134716	7.917264,35.192917,-37.306423
6.461860,35.365616,-37.743801	7.917264,35.192917,-37.306423	6.455170,34.479591,-37.687622
6.455170,34.479591,-37.687622	7.917264,35.192917,-37.306423	7.086185,33.275269,-37.940948
6.412516,29.847795,-37.729221	7.655786,27.970755,-37.517815	6.664608,28.104080,-37.688091
6.664608,28.104080,-37.688091	7.655786,27.970755,-37.517815	7.450500,26.659019,-37.582718
7.123274,39.039654,-37.344917	7.215459,35.347240,-37.134716	6.461860,35.365616,-37.743801
19.944084,22.653011,-66.276222	21.283615,23.366854,-58.502140	24.005585,24.706776,-66.454208
27.923847,34.878853,-64.801796	27.080919,34.154202,-61.913261	27.224001,38.026283,-62.268314
16.269251,44.768780,-35.977814	17.373838,44.349293,-36.110813	17.070511,40.096703,-36.287849
7.907803,36.766201,-79.151184	4.322479,35.480804,-78.728691	3.692633,33.388889,-79.260880
7.907803,36.766201,-79.151184	3.692633,33.388889,-79.260880	5.663777,30.678589,-79.453964
5.234989,26.043423,-79.312202	5.668458,24.413776,-77.352654	7.973339,22.865707,-79.333092
27.486975,39.662941,-42.286667	27.424192,39.356434,-39.175694	25.828413,42.453045,-41.329903
4.986773,26.677013,-64.012177	5.737638,26.905264,-52.428444	6.727466,24.372904,-62.144142
8.534437,22.633957,-63.463161	10.697019,21.729095,-61.524635	9.333786,21.735538,-70.610878
10.375629,22.679832,-53.363911	12.599723,21.962399,-52.947662	10.697019,21.729095,-61.524635
23.393827,45.293186,-75.178764	21.009518,46.338104,-74.089622	20.512182,46.551369,-77.218498
9.983008,43.668201,-38.003357	8.836328,43.759464,-47.309570	10.703013,44.963482,-47.264679
14.920959,21.752697,-51.881805	12.599723,21.962399,-52.947662	12.338969,21.783892,-44.978195
22.094404,45.312820,-58.175209	19.371328,46.300632,-64.578918	20.825661,45.789242,-68.223015
27.083990,28.264120,-72.330467	28.177008,30.230513,-74.741745	27.034498,28.520658,-77.101715
7.715683,39.523663,-36.741955	9.534930,42.396740,-36.589706	14.265308,42.126667,-36.342388
21.283615,23.366854,-58.502140	24.763178,24.604301,-45.970428	23.666887,24.962988,-57.954517
16.269251,44.768780,-35.977814	17.215067,44.910435,-35.876511	17.373838,44.349293,-36.110813
28.025330,34.895283,-52.532185	26.926394,34.864346,-56.984360	28.467667,32.610554,-52.325451
28.467667,32.610554,-52.325451	26.926394,34.864346,-56.984360	27.320971,32.004780,-56.135818
28.467667,32.610554,-52.325451	27.320971,32.004780,-56.135818	28.027979,30.469915,-52.703697
28.025330,34.895283,-52.532185	26.549124,36.945351,-56.657787	26.926394,34.864346,-56.984360
4.042009,27.442347,-78.365608	5.234989,26.043423,-79.312202	4.586739,27.432034,-79.252144
4.042009,27.442347,-78.365608	5.668458,24.413776,-77.352654	5.234989,26.043423,-79.312202
29.599386,33.714878,-42.109009	28.816597,34.768608,-48.142811	28.467667,32.610554,-52.325451
2.760145,32.197247,-70.511246	4.148901,30.447105,-56.101963	3.985688,29.247160,-62.797806
5.737638,26.905264,-52.428444	3.985688,29.247160,-62.797806	4.148901,30.447105,-56.101963
8.031417,24.131056,-52.355789	5.737638,26.905264,-52.428444	6.673568,25.479004,-49.361172
7.785690,41.918247,-38.424431	8.836328,43.759464,-47.309570	9.983008,43.668201,-38.003357
14.644444,46.439289,-48.554459	10.703013,44.963482,-47.264679	12.154935,45.435490,-54.129894
24.005585,24.706776,-66.454208	21.644308,23.461212,-71.789581	19.944084,22.653011,-66.276222
13.181994,21.250357,-38.957233	16.162098,20.823744,-41.133049	12.338969,21.783892,-44.978195
26.003281,26.918859,-63.014854	24.005585,24.706776,-66.454208	23.666887,24.962988,-57.954517
24.314585,44.032932,-43.840408	22.183035,45.695110,-50.275593	24.059645,44.373104,-49.680542
25.548016,26.629747,-53.991840	27.345980,28.880228,-52.675629	26.476458,29.065001,-57.357086
3.845590,30.167063,-79.327499	4.042009,27.442347,-78.365608	4.395628,29.708458,-79.216331
4.395628,29.708458,-79.216331	4.042009,27.442347,-78.365608	4.379818,28.157150,-78.857178
4.379818,28.157150,-78.857178	4.042009,27.442347,-78.365608	4.586739,27.432034,-79.252144
25.828413,42.453045,-41.329903	25.014383,43.112709,-38.999229	24.314585,44.032932,-43.840408
7.307731,44.034935,-68.358269	5.437956,42.594193,-74.300484	6.484365,43.862766,-75.869438
11.793865,46.841740,-77.680748	9.097199,45.550049,-78.457565	10.727211,46.380836,-78.470917
11.793865,46.841740,-77.680748	8.517341,45.451508,-76.210114	9.097199,45.550049,-78.457565
13.391578,46.276260,-70.345573	9.898885,45.495289,-68.660988	11.429725,46.205883,-72.194176
19.476082,46.147923,-57.783035	22.094404,45.312820,-58.175209	20.220703,46.467960,-50.508121
16.162098,20.823744,-41.133049	19.558670,20.996456,-39.661957	19.471863,21.236820,-42.395012
3.093738,33.899990,-78.423233	4.322479,35.480804,-78.728691	4.357797,39.728462,-78.445587
4.042009,27.442347,-78.365608	3.845590,30.167063,-79.327499	3.091257,31.018288,-78.406281
3.093738,33.899990,-78.423233	3.692633,33.388889,-79.260880	4.322479,35.480804,-78.728691
3.091257,31.018288,-78.406281	3.845590,30.167063,-79.327499	3.692633,33.388889,-79.260880
3.091257,31.018288,-78.406281	3.692633,33.388889,-79.260880	3.093738,33.899990,-78.423233
25.014383,43.112709,-38.999229	23.054916,44.925526,-40.084507	24.314585,44.032932,-43.840408
7.037109,43.918209,-78.404869	9.097199,45.550049,-78.457565	8.517341,45.451508,-76.210114
5.736908,42.101601,-66.738022	7.307731,44.034935,-68.358269	6.507918,42.609966,-61.042313
12.599723,21.962399,-52.947662	14.920959,21.752697,-51.881805	14.065039,21.149279,-59.708412
8.517341,45.451508,-76.210114	6.484365,43.862766,-75.869438	7.037109,43.918209,-78.404869
5.736908,42.101601,-66.738022	6.507918,42.609966,-61.042313	5.266993,41.167690,-61.028091
4.378229,37.827614,-52.524761	4.567071,35.511879,-45.379391	4.109051,33.380424,-49.485355
5.704237,40.309719,-49.638550	6.785114,40.572243,-39.481331	6.028361,38.758633,-39.661091
8.836328,43.759464,-47.309570	8.609596,43.803677,-55.116222	10.703013,44.963482,-47.264679
21.283615,23.366854,-58.502140	23.666887,24.962988,-57.954517	24.005585,24.706776,-66.454208
14.898254,20.931555,-77.882439	18.441858,21.970259,-74.469124	18.708101,21.331266,-77.732124
12.599723,21.962399,-52.947662	14.065039,21.149279,-59.708412	10.697019,21.729095,-61.524635
28.430147,36.437550,-71.245918	28.257931,39.183994,-78.271477	28.719275,36.183891,-76.463844
23.930307,44.102856,-55.420853	22.183035,45.695110,-50.275593	22.094404,45.312820,-58.175209
26.585728,36.441563,-58.933193	27.224001,38.026283,-62.268314	27.080919,34.154202,-61.913261
27.199345,29.161430,-62.167000	26.003281,26.918859,-63.014854	26.350456,28.509508,-59.149944
25.828413,42.453045,-41.329903	27.424192,39.356434,-39.175694	25.014383,43.112709,-38.999229
5.266993,41.167690,-61.028091	6.770850,42.045856,-51.245144	5.704237,40.309719,-49.638550
6.673568,25.479004,-49.361172	9.392644,22.952087,-44.670212	8.031417,24.131056,-52.355789
12.338969,21.783892,-44.978195	14.574674,21.540131,-45.784935	14.920959,21.752697,-51.881805
22.094404,45.312820,-58.175209	19.476082,46.147923,-57.783035	19.371328,46.300632,-64.578918
17.895044,22.142817,-50.062466	18.414957,21.976353,-46.063202	21.184530,22.944048,-46.911831
25.265417,26.746471,-57.890839	26.350456,28.509508,-59.149944	26.003281,26.918859,-63.014854
19.558670,20.996456,-39.661957	22.375479,21.969250,-40.438038	19.471863,21.236820,-42.395012
5.266993,41.167690,-61.028091	5.704237,40.309719,-49.638550	4.552116,39.436882,-58.710133
12.154935,45.435490,-54.129894	8.609596,43.803677,-55.116222	11.156127,45.673264,-60.222588
16.226131,46.769684,-65.898247	16.723412,46.367447,-57.465580	12.688226,46.346981,-65.413940
14.065039,21.149279,-59.708412	14.920959,21.752697,-51.881805	16.218801,21.237202,-59.910725
25.995651,43.155182,-77.816025	27.362928,41.188522,-77.838554	25.587009,42.939537,-71.640480
19.685192,22.363855,-54.830856	24.763178,24.604301,-45.970428	21.283615,23.366854,-58.502140
28.430147,36.437550,-71.245918	28.048883,32.698994,-67.381447	27.923847,34.878853,-64.801796
24.314585,44.032932,-43.840408	21.965187,45.495773,-44.085152	22.183035,45.695110,-50.275593
3.814465,27.242937,-76.664856	5.668458,24.413776,-77.352654	4.042009,27.442347,-78.365608
7.307731,44.034935,-68.358269	5.736908,42.101601,-66.738022	5.437956,42.594193,-74.300484
18.708101,21.331266,-77.732124	21.644308,23.461212,-71.789581	22.072891,23.088516,-75.835991
21.009518,46.338104,-74.089622	18.433931,47.119350,-75.795914	20.512182,46.551369,-77.218498
10.375629,22.679832,-53.363911	12.338969,21.783892,-44.978195	12.599723,21.962399,-52.947662
19.476082,46.147923,-57.783035	16.226131,46.769684,-65.898247	19.371328,46.300632,-64.578918
27.034498,28.520658,-77.101715	24.099371,25.125717,-73.644051	27.083990,28.264120,-72.330467
27.199345,29.161430,-62.167000	28.048883,32.698994,-67.381447	27.644617,29.976519,-69.985588
27.199345,29.161430,-62.167000	27.644617,29.976519,-69.985588	27.083990,28.264120,-72.330467
3.091257,31.018288,-78.406281	2.510010,32.944405,-76.855019	3.123417,29.397224,-77.201576
3.093738,33.899990,-78.423233	2.867893,36.558369,-76.307831	2.510010,32.944405,-76.855019
3.091257,31.018288,-78.406281	3.123417,29.397224,-77.201576	4.042009,27.442347,-78.365608
4.357797,39.728462,-78.445587	2.867893,36.558369,-76.307831	3.093738,33.899990,-78.423233
3.091257,31.018288,-78.406281	3.093738,33.899990,-78.423233	2.510010,32.944405,-76.855019
3.123417,29.397224,-77.201576	3.814465,27.242937,-76.664856	4.042009,27.442347,-78.365608
25.563698,24.172930,-39.758896	22.375479,21.969250,-40.438038	23.564417,22.673540,-39.460281
28.816597,34.768608,-48.142811	29.388485,35.668468,-40.368267	27.286415,39.462605,-48.089485
5.437956,42.594193,-74.300484	5.736908,42.101601,-66.738022	4.548877,40.231770,-67.087189
18.441858,21.970259,-74.469124	21.644308,23.461212,-71.789581	18.708101,21.331266,-77.732124
19.944084,22.653011,-66.276222	17.431158,21.852472,-71.593269	16.218801,21.237202,-59.910725
23.862356,44.491234,-71.069092	25.995651,43.155182,-77.816025	25.587009,42.939537,-71.640480
23.393827,45.293186,-75.178764	25.995651,43.155182,-77.816025	23.862356,44.491234,-71.069092
27.589285,34.013020,-80.102325	28.246262,33.119503,-79.823158	28.337620,34.005005,-79.822914
27.487585,32.078163,-80.218315	28.258879,32.298523,-80.249840	28.246262,33.119503,-79.823158
27.487585,32.078163,-80.218315	28.246262,33.119503,-79.823158	27.589285,34.013020,-80.102325
27.589285,34.013020,-80.102325	28.337620,34.005005,-79.822914	28.673660,35.342617,-80.223221
27.589285,34.013020,-80.102325	28.673660,35.342617,-80.223221	27.879797,35.506210,-79.987564
14.920959,21.752697,-51.881805	14.574674,21.540131,-45.784935	17.895044,22.142817,-50.062466
27.199345,29.161430,-62.167000	27.083990,28.264120,-72.330467	25.909822,26.241169,-67.836678
28.923212,31.093214,-38.706619	29.019779,29.442379,-41.076965	27.916359,26.961607,-39.247730
29.383169,34.877266,-38.892941	27.424192,39.356434,-39.175694	29.388485,35.668468,-40.368267
11.978849,20.949310,-78.069679	12.457859,21.133223,-73.931816	14.898254,20.931555,-77.882439
8.031417,24.131056,-52.355789	8.503053,23.567389,-56.018353	6.727466,24.372904,-62.144142
5.548430,29.445673,-39.569248	6.441733,26.165983,-41.625916	5.371635,27.948439,-45.034367
27.879797,35.506210,-79.987564	25.932449,33.031181,-80.355392	27.589285,34.013020,-80.102325
27.589285,34.013020,-80.102325	25.932449,33.031181,-80.355392	27.487585,32.078163,-80.218315
27.487585,32.078163,-80.218315	27.369118,30.817444,-80.223221	28.258879,32.298523,-80.249840
27.369118,30.817444,-80.223221	27.487585,32.078163,-80.218315	26.716366,30.589735,-79.987564
19.476082,46.147923,-57.783035	18.106455,46.776146,-48.576950	16.723412,46.367447,-57.465580
23.515583,44.220741,-67.694946	22.094404,45.312820,-58.175209	20.825661,45.789242,-68.223015
24.763178,24.604301,-45.970428	27.092154,26.742617,-47.075085	23.666887,24.962988,-57.954517
5.737638,26.905264,-52.428444	8.031417,24.131056,-52.355789	6.727466,24.372904,-62.144142
5.371635,27.948439,-45.034367	4.702656,32.127083,-42.168301	5.548430,29.445673,-39.569248
4.567071,35.511879,-45.379391	5.606025,36.568928,-39.345890	4.702656,32.127083,-42.168301
4.567071,35.511879,-45.379391	6.028361,38.758633,-39.661091	5.606025,36.568928,-39.345890
24.099371,25.125717,-73.644051	22.072891,23.088516,-75.835991	21.644308,23.461212,-71.789581
24.891233,37.526615,-79.820129	25.932449,33.031181,-80.355392	27.879797,35.506210,-79.987564
17.895044,22.142817,-50.062466	19.685192,22.363855,-54.830856	16.218801,21.237202,-59.910725
24.059645,44.373104,-49.680542	22.183035,45.695110,-50.275593	23.930307,44.102856,-55.420853
26.476458,29.065001,-57.357086	27.180090,31.536320,-59.949429	27.199345,29.161430,-62.167000
26.476458,29.065001,-57.357086	27.199345,29.161430,-62.167000	26.350456,28.509508,-59.149944
25.903551,40.312729,-57.297127	26.066952,40.896358,-59.900024	27.224001,38.026283,-62.268314
26.585728,36.441563,-58.933193	27.080919,34.154202,-61.913261	27.180090,31.536320,-59.949429
25.903551,40.312729,-57.297127	27.224001,38.026283,-62.268314	26.585728,36.441563,-58.933193
25.906773,42.220024,-47.609821	24.314585,44.032932,-43.840408	24.059645,44.373104,-49.680542
26.214836,24.896360,-37.686844	27.916359,26.961607,-39.247730	25.563698,24.172930,-39.758896
9.897419,21.378899,-77.804787	12.457859,21.133223,-73.931816	11.978849,20.949310,-78.069679
12.457859,21.133223,-73.931816	18.441858,21.970259,-74.469124	14.898254,20.931555,-77.882439
14.065039,21.149279,-59.708412	16.218801,21.237202,-59.910725	12.457859,21.133223,-73.931816
16.218801,21.237202,-59.910725	14.920959,21.752697,-51.881805	17.895044,22.142817,-50.062466
27.644617,29.976519,-69.985588	28.177008,30.230513,-74.741745	27.083990,28.264120,-72.330467
27.300995,39.181614,-67.211441	27.362928,41.188522,-77.838554	28.257931,39.183994,-78.271477
28.430147,36.437550,-71.245918	27.300995,39.181614,-67.211441	28.257931,39.183994,-78.271477
4.357797,39.728462,-78.445587	7.037109,43.918209,-78.404869	4.329114,40.685490,-75.693298
28.816597,34.768608,-48.142811	29.599386,33.714878,-42.109009	29.388485,35.668468,-40.368267
27.487585,32.078163,-80.218315	25.932449,33.031181,-80.355392	24.775566,29.195744,-80.047211
9.392644,22.952087,-44.670212	7.441796,24.790762,-41.686428	9.876285,22.934649,-38.987705
22.183035,45.695110,-50.275593	20.220703,46.467960,-50.508121	22.094404,45.312820,-58.175209
26.003281,26.918859,-63.014854	23.666887,24.962988,-57.954517	25.265417,26.746471,-57.890839
4.357797,39.728462,-78.445587	4.329114,40.685490,-75.693298	2.867893,36.558369,-76.307831
24.462208,23.358929,-38.592731	26.214836,24.896360,-37.686844	25.563698,24.172930,-39.758896
16.723412,46.367447,-57.465580	11.156127,45.673264,-60.222588	12.688226,46.346981,-65.413940
24.891233,37.526615,-79.820129	19.332460,31.017612,-80.096260	25.932449,33.031181,-80.355392
24.775566,29.195744,-80.047211	25.932449,33.031181,-80.355392	19.332460,31.017612,-80.096260
21.683409,25.844776,-80.413445	25.897326,27.261778,-80.115311	24.775566,29.195744,-80.047211
21.683409,25.844776,-80.413445	23.951593,24.730400,-80.252373	25.897326,27.261778,-80.115311
19.476082,46.147923,-57.783035	16.723412,46.367447,-57.465580	16.226131,46.769684,-65.898247
27.224001,38.026283,-62.268314	27.300995,39.181614,-67.211441	28.430147,36.437550,-71.245918
27.224001,38.026283,-62.268314	28.430147,36.437550,-71.245918	27.923847,34.878853,-64.801796
17.601610,46.344662,-39.630016	19.776840,46.128075,-40.493023	18.359549,46.039547,-38.159313
22.838737,44.532600,-38.122631	23.054916,44.925526,-40.084507	25.014383,43.112709,-38.999229
23.550310,22.733665,-38.591610	25.563698,24.172930,-39.758896	23.564417,22.673540,-39.460281
23.550310,22.733665,-38.591610	24.462208,23.358929,-38.592731	25.563698,24.172930,-39.758896
27.916359,26.961607,-39.247730	28.218199,28.444149,-46.441055	27.092154,26.742617,-47.075085
4.064557,26.989017,-72.184471	4.986773,26.677013,-64.012177	5.811137,24.589109,-70.835518
28.925035,34.199791,-37.713139	29.383169,34.877266,-38.892941	28.923212,31.093214,-38.706619
4.148901,30.447105,-56.101963	4.448375,30.365070,-48.526939	5.737638,26.905264,-52.428444
4.378229,37.827614,-52.524761	6.028361,38.758633,-39.661091	4.567071,35.511879,-45.379391
10.697019,21.729095,-61.524635	14.065039,21.149279,-59.708412	11.346909,21.217148,-67.600296
16.226131,46.769684,-65.898247	13.391578,46.276260,-70.345573	17.781799,46.368591,-70.166489
19.332460,31.017612,-80.096260	21.683409,25.844776,-80.413445	24.775566,29.195744,-80.047211
23.951593,24.730400,-80.252373	21.683409,25.844776,-80.413445	22.736275,24.191874,-79.919670
5.704237,40.309719,-49.638550	7.785690,41.918247,-38.424431	6.785114,40.572243,-39.481331
27.283648,36.931572,-79.735771	28.933767,36.268894,-79.334129	28.341959,38.494896,-79.317108
28.933767,36.268894,-79.334129	27.283648,36.931572,-79.735771	27.879797,35.506210,-79.987564
28.673660,35.342617,-80.223221	28.933767,36.268894,-79.334129	27.879797,35.506210,-79.987564
28.946939,34.537079,-79.313858	28.933767,36.268894,-79.334129	28.673660,35.342617,-80.223221
28.946939,34.537079,-79.313858	28.673660,35.342617,-80.223221	28.337620,34.005005,-79.822914
28.946939,34.537079,-79.313858	28.337620,34.005005,-79.822914	28.246262,33.119503,-79.823158
28.852514,32.927116,-78.584656	28.246262,33.119503,-79.823158	28.258879,32.298523,-80.249840
28.946939,34.537079,-79.313858	28.246262,33.119503,-79.823158	28.852514,32.927116,-78.584656
14.857397,45.979599,-39.065639	9.983008,43.668201,-38.003357	10.703013,44.963482,-47.264679
14.574674,21.540131,-45.784935	18.414957,21.976353,-46.063202	17.895044,22.142817,-50.062466
16.348648,20.898830,-38.831863	19.558670,20.996456,-39.661957	16.162098,20.823744,-41.133049
23.009714,22.835007,-38.552292	23.550310,22.733665,-38.591610	23.564417,22.673540,-39.460281
22.272535,22.000748,-38.584312	23.009714,22.835007,-38.552292	23.564417,22.673540,-39.460281
22.375479,21.969250,-40.438038	22.272535,22.000748,-38.584312	23.564417,22.673540,-39.460281
28.925035,34.199791,-37.713139	28.923212,31.093214,-38.706619	27.654140,27.044109,-37.620842
29.383169,34.877266,-38.892941	27.790838,37.231995,-37.639984	27.424192,39.356434,-39.175694
28.923212,31.093214,-38.706619	27.916359,26.961607,-39.247730	27.654140,27.044109,-37.620842
28.925035,34.199791,-37.713139	27.790838,37.231995,-37.639984	29.383169,34.877266,-38.892941
15.614384,47.271179,-76.045837	13.391578,46.276260,-70.345573	11.793865,46.841740,-77.680748
12.457859,21.133223,-73.931816	16.218801,21.237202,-59.910725	17.431158,21.852472,-71.593269
21.683409,25.844776,-80.413445	21.892000,23.606535,-80.195602	22.736275,24.191874,-79.919670
27.369118,30.817444,-80.223221	26.716366,30.589735,-79.987564	27.103050,29.765743,-79.359268
28.050068,30.485981,-78.200592	27.369118,30.817444,-80.223221	27.103050,29.765743,-79.359268
28.258879,32.298523,-80.249840	27.369118,30.817444,-80.223221	28.050068,30.485981,-78.200592
27.283648,36.931572,-79.735771	28.341959,38.494896,-79.317108	26.831543,41.358883,-79.310486
20.220703,46.467960,-50.508121	18.106455,46.776146,-48.576950	19.476082,46.147923,-57.783035
22.183035,45.695110,-50.275593	19.776840,46.128075,-40.493023	20.220703,46.467960,-50.508121
23.054916,44.925526,-40.084507	22.838737,44.532600,-38.122631	20.735291,45.425285,-38.021881
2.782457,35.752449,-71.769531	3.340195,34.533039,-63.156475	2.760145,32.197247,-70.511246
3.985688,29.247160,-62.797806	4.064557,26.989017,-72.184471	2.889525,30.001766,-72.043259
9.898885,45.495289,-68.660988	7.307731,44.034935,-68.358269	8.517341,45.451508,-76.210114
13.391578,46.276260,-70.345573	11.429725,46.205883,-72.194176	11.793865,46.841740,-77.680748
26.831543,41.358883,-79.310486	24.891233,37.526615,-79.820129	27.283648,36.931572,-79.735771
27.487585,32.078163,-80.218315	24.775566,29.195744,-80.047211	26.716366,30.589735,-79.987564
26.716366,30.589735,-79.987564	24.775566,29.195744,-80.047211	27.103050,29.765743,-79.359268
23.515583,44.220741,-67.694946	25.926554,41.823444,-68.073792	24.712816,43.143433,-61.493095
28.048883,32.698994,-67.381447	28.430147,36.437550,-71.245918	28.627171,32.257397,-74.520363
11.232248,43.714062,-36.721165	14.265308,42.126667,-36.342388	9.534930,42.396740,-36.589706
9.534930,42.396740,-36.589706	9.983008,43.668201,-38.003357	11.232248,43.714062,-36.721165