5.444373,48.002903,-67.916832	5.449140,46.242649,-70.358818	7.180101,48.749390,-69.399841
10.906856,38.322071,-79.416283	11.657984,40.395611,-79.007034	10.613962,39.545834,-78.958038
10.613962,39.545834,-78.958038	11.657984,40.395611,-79.007034	11.635907,41.273075,-78.646309
29.128618,43.640568,-73.371826	28.238777,45.843517,-71.961235	26.267946,44.225849,-75.155289
15.607413,53.197315,-61.842995	16.951881,52.883556,-63.981121	18.903402,52.706242,-59.696499
27.271418,34.884560,-46.838570	29.475178,34.255817,-48.745956	27.566540,31.682934,-47.312534
29.475178,34.255817,-48.745956	27.271418,34.884560,-46.838570	28.411419,38.185135,-48.634701
27.566540,31.682934,-47.312534	29.475178,34.255817,-48.745956	29.794100,31.268148,-49.352390
32.129135,28.620003,-53.763237	33.254898,31.608633,-54.362869	34.889282,30.685226,-60.394962
23.073557,40.287331,-45.846989	22.190041,42.816818,-46.744823	26.677090,40.845879,-48.344666
1.500846,32.328083,-52.630840	3.324895,33.341156,-50.574276	2.833954,30.379166,-51.943878
2.833954,30.379166,-51.943878	3.324895,33.341156,-50.574276	5.309921,29.588884,-50.306904
34.977028,32.863037,-65.803619	34.822792,34.903320,-65.869423	33.883595,34.784542,-69.117035
6.002935,22.508421,-62.543819	2.259169,25.773821,-60.633972	5.381241,23.421036,-57.890892
31.281126,23.680490,-64.472954	30.192884,23.385818,-67.320839	28.713875,21.052698,-63.562191
13.495768,40.403492,-45.547977	15.964119,40.386814,-45.131733	15.684572,39.124882,-45.675838
-0.170831,30.883995,-58.278763	-0.993037,33.271278,-61.178787	-0.422849,33.154633,-56.881779
-0.608527,38.070503,-57.724117	-0.685300,40.267242,-61.350952	0.721807,42.221161,-56.614426
0.497255,43.162327,-59.469593	0.721807,42.221161,-56.614426	-0.685300,40.267242,-61.350952
27.035910,20.355003,-66.254532	23.246149,18.453493,-64.706795	26.648115,19.754999,-62.897079
11.027644,36.781776,-79.320045	10.906856,38.322071,-79.416283	9.986670,34.709793,-78.614113
28.238777,45.843517,-71.961235	24.662180,48.107685,-72.396027	26.267946,44.225849,-75.155289
25.559292,38.145844,-46.397614	26.677090,40.845879,-48.344666	28.411419,38.185135,-48.634701
28.411419,38.185135,-48.634701	27.271418,34.884560,-46.838570	25.559292,38.145844,-46.397614
8.941602,24.323429,-51.338974	4.872990,25.667162,-53.802277	5.863625,26.670010,-51.562374
32.129135,28.620003,-53.763237	33.925182,27.718163,-60.922146	31.570850,24.412411,-58.746674
23.598475,30.009468,-46.228474	24.622801,27.078806,-48.031109	21.451368,29.377615,-46.425678
3.324895,33.341156,-50.574276	1.817569,36.138210,-51.888000	4.186239,39.298988,-49.869102
1.500846,32.328083,-52.630840	1.817569,36.138210,-51.888000	3.324895,33.341156,-50.574276
33.221390,27.795042,-67.516685	34.159809,28.277603,-64.127365	34.389030,30.576279,-66.776176
19.397200,30.044474,-45.872314	15.634896,31.049658,-45.464382	16.585001,37.955166,-45.835438
30.192884,23.385818,-67.320839	27.035910,20.355003,-66.254532	28.713875,21.052698,-63.562191
13.562302,35.153316,-78.719917	14.499504,37.885654,-78.936844	11.027644,36.781776,-79.320045
-0.993037,33.271278,-61.178787	-1.066597,35.530220,-60.073193	-0.422849,33.154633,-56.881779
-0.608527,38.070503,-57.724117	-1.066597,35.530220,-60.073193	-0.685300,40.267242,-61.350952
29.287365,31.833490,-75.326523	32.215137,34.312920,-72.219109	29.269119,37.885220,-75.928177
19.383181,41.734478,-45.473728	14.313059,42.629196,-46.435120	19.133793,43.739361,-46.485802
19.397200,30.044474,-45.872314	15.853377,29.653049,-45.697723	15.634896,31.049658,-45.464382
15.207468,27.702293,-46.828102	15.853377,29.653049,-45.697723	19.397200,30.044474,-45.872314
14.313059,42.629196,-46.435120	19.383181,41.734478,-45.473728	16.973673,40.991623,-45.401768
1.885762,45.052261,-57.989708	1.237396,44.759808,-62.015526	4.039342,48.253132,-61.050652
14.499504,37.885654,-78.936844	10.906856,38.322071,-79.416283	11.027644,36.781776,-79.320045
13.817941,31.565039,-45.331825	11.693600,33.840977,-45.457359	12.515851,35.197392,-45.495922
27.751318,27.794899,-75.293411	30.681454,29.296734,-72.996056	29.287365,31.833490,-75.326523
7.401812,48.818150,-54.838543	12.253447,50.093002,-53.283291	9.201302,47.995602,-52.044109
16.951881,52.883556,-63.981121	15.607413,53.197315,-61.842995	12.696541,52.963810,-63.010529
4.009237,44.018444,-52.648003	6.577698,46.928207,-52.943844	7.100093,44.944874,-50.382454
31.592236,44.935722,-60.080833	31.874792,42.651775,-56.119896	29.476915,46.656288,-56.566059
31.281126,23.680490,-64.472954	32.762592,26.134764,-66.002518	30.192884,23.385818,-67.320839
8.792840,21.798977,-68.954712	13.740443,20.220779,-70.249741	10.949134,22.182144,-72.034134
-0.000569,29.631033,-62.127407	1.208290,28.156599,-57.673817	2.259169,25.773821,-60.633972
1.885762,45.052261,-57.989708	0.497255,43.162327,-59.469593	1.237396,44.759808,-62.015526
12.515851,35.197392,-45.495922	11.693600,33.840977,-45.457359	11.617617,34.963669,-45.242317
1.573900,44.051865,-65.943535	-0.244030,40.429012,-64.907997	3.340158,41.251682,-71.834358
26.267946,44.225849,-75.155289	29.088930,41.562225,-74.713112	29.128618,43.640568,-73.371826
11.943037,20.578590,-56.994778	12.016977,22.569897,-52.141129	15.917686,21.408258,-53.223045
29.475178,34.255817,-48.745956	28.411419,38.185135,-48.634701	30.674295,38.212933,-51.067375
7.401812,48.818150,-54.838543	9.201302,47.995602,-52.044109	6.577698,46.928207,-52.943844
34.550903,34.232006,-57.698956	33.718609,36.978512,-56.061462	34.779781,36.803593,-60.697269
34.889282,30.685226,-60.394962	33.254898,31.608633,-54.362869	34.550903,34.232006,-57.698956
26.677090,40.845879,-48.344666	22.190041,42.816818,-46.744823	25.641254,46.904366,-51.904037
22.190041,42.816818,-46.744823	19.133793,43.739361,-46.485802	18.513762,46.156967,-48.403217
31.578732,44.366951,-66.465767	30.909643,45.660885,-64.995216	29.859844,46.221764,-68.717224
15.684572,39.124882,-45.675838	16.585001,37.955166,-45.835438	13.698374,38.583096,-45.901146
18.903402,52.706242,-59.696499	21.945585,50.867977,-54.770821	19.660393,51.379204,-54.854038
1.208290,28.156599,-57.673817	-0.000569,29.631033,-62.127407	-0.170831,30.883995,-58.278763
2.352245,37.783691,-71.654205	-0.244030,40.429012,-64.907997	0.763947,36.023335,-68.915291
24.662180,48.107685,-72.396027	21.757524,49.225605,-72.629395	21.849957,46.035198,-76.037170
28.638220,26.977377,-50.380722	27.566540,31.682934,-47.312534	29.794100,31.268148,-49.352390
8.941602,24.323429,-51.338974	9.565268,22.985212,-52.810219	6.704761,23.946287,-54.217922
33.925182,27.718163,-60.922146	32.129135,28.620003,-53.763237	34.889282,30.685226,-60.394962
34.779781,36.803593,-60.697269	33.718609,36.978512,-56.061462	33.114422,40.763985,-57.902393
25.641254,46.904366,-51.904037	22.190041,42.816818,-46.744823	23.328138,45.973984,-49.771492
34.389030,30.576279,-66.776176	34.977028,32.863037,-65.803619	33.612072,31.486301,-69.352707
33.612072,31.486301,-69.352707	34.977028,32.863037,-65.803619	33.883595,34.784542,-69.117035
33.883595,34.784542,-69.117035	34.822792,34.903320,-65.869423	33.743004,36.944717,-68.345512
33.743004,36.944717,-68.345512	34.822792,34.903320,-65.869423	33.755619,38.931011,-65.889389
15.207468,27.702293,-46.828102	21.451368,29.377615,-46.425678	20.453478,26.677013,-48.568127
19.397200,30.044474,-45.872314	21.451368,29.377615,-46.425678	15.207468,27.702293,-46.828102
15.634896,31.049658,-45.464382	12.515851,35.197392,-45.495922	16.585001,37.955166,-45.835438
15.207468,27.702293,-46.828102	14.022482,28.509127,-46.575752	15.853377,29.653049,-45.697723
15.964119,40.386814,-45.131733	13.495768,40.403492,-45.547977	14.313059,42.629196,-46.435120
13.817941,31.565039,-45.331825	15.853377,29.653049,-45.697723	14.022482,28.509127,-46.575752
-0.000569,29.631033,-62.127407	-0.993037,33.271278,-61.178787	-0.170831,30.883995,-58.278763
5.840049,25.881250,-71.500748	5.069411,28.214937,-72.555923	4.748921,25.195015,-69.257378
25.550777,23.072762,-73.068886	28.090731,25.922873,-73.676857	24.917000,25.202745,-75.529434
27.566540,31.682934,-47.312534	28.638220,26.977377,-50.380722	26.058910,28.830729,-47.399895
6.704761,23.946287,-54.217922	4.872990,25.667162,-53.802277	8.941602,24.323429,-51.338974
31.874792,42.651775,-56.119896	32.417885,43.553268,-60.972424	33.114422,40.763985,-57.902393
14.287206,18.619343,-65.289703	8.583290,21.107527,-61.188549	15.264310,18.311747,-63.245113
1.817569,36.138210,-51.888000	2.587384,41.480347,-52.455723	4.186239,39.298988,-49.869102
27.112204,49.326450,-57.876171	29.476915,46.656288,-56.566059	26.069239,49.652927,-56.610558
31.283361,42.668507,-70.330574	33.743004,36.944717,-68.345512	33.755619,38.931011,-65.889389
10.949134,22.182144,-72.034134	13.740443,20.220779,-70.249741	15.698423,20.878847,-72.594414
23.336761,51.452026,-59.360329	26.069239,49.652927,-56.610558	21.945585,50.867977,-54.770821
29.859844,46.221764,-68.717224	30.909643,45.660885,-64.995216	28.567665,47.867634,-65.828049
14.022482,28.509127,-46.575752	12.493339,30.269297,-46.475636	13.817941,31.565039,-45.331825
14.313059,42.629196,-46.435120	13.495768,40.403492,-45.547977	11.518803,41.770432,-46.430218
13.698374,38.583096,-45.901146	13.495768,40.403492,-45.547977	15.684572,39.124882,-45.675838
5.069411,28.214937,-72.555923	2.768492,27.237768,-68.228020	4.748921,25.195015,-69.257378
3.340158,41.251682,-71.834358	5.449140,46.242649,-70.358818	1.573900,44.051865,-65.943535
12.016977,22.569897,-52.141129	11.943037,20.578590,-56.994778	9.565268,22.985212,-52.810219
21.757524,49.225605,-72.629395	19.331083,49.806549,-72.517853	19.457809,47.139431,-75.496956
20.120754,20.515127,-72.283936	22.245829,21.662928,-73.390610	21.997139,23.021175,-74.941460
32.417885,43.553268,-60.972424	31.874792,42.651775,-56.119896	31.592236,44.935722,-60.080833
21.451368,29.377615,-46.425678	24.622801,27.078806,-48.031109	20.453478,26.677013,-48.568127
1.500846,32.328083,-52.630840	0.916671,34.833294,-53.137642	1.817569,36.138210,-51.888000
31.283361,42.668507,-70.330574	33.755619,38.931011,-65.889389	31.578732,44.366951,-66.465767
32.762592,26.134764,-66.002518	33.221390,27.795042,-67.516685	31.967377,26.975969,-69.455399
22.870802,18.759821,-58.882378	20.717813,20.331505,-53.827019	23.842667,20.559275,-54.498058
24.984606,50.431194,-65.488976	28.157543,47.606434,-69.359489	28.567665,47.867634,-65.828049
8.792840,21.798977,-68.954712	9.207603,23.682487,-72.722542	4.748921,25.195015,-69.257378
16.585001,37.955166,-45.835438	11.391220,36.368813,-45.977165	13.698374,38.583096,-45.901146
16.585001,37.955166,-45.835438	12.515851,35.197392,-45.495922	11.391220,36.368813,-45.977165
11.518803,41.770432,-46.430218	13.495768,40.403492,-45.547977	13.698374,38.583096,-45.901146
27.755348,34.846188,-77.221855	29.287365,31.833490,-75.326523	29.269119,37.885220,-75.928177
17.342808,21.859213,-74.115021	20.120754,20.515127,-72.283936	21.997139,23.021175,-74.941460
29.295074,22.411688,-57.170582	31.570850,24.412411,-58.746674	30.137459,22.283545,-60.054703
32.762592,26.134764,-66.002518	31.967377,26.975969,-69.455399	30.192884,23.385818,-67.320839
19.133793,43.739361,-46.485802	14.313059,42.629196,-46.435120	14.770386,45.134594,-47.949474
9.207603,23.682487,-72.722542	5.840049,25.881250,-71.500748	4.748921,25.195015,-69.257378
11.617617,34.963669,-45.242317	11.391220,36.368813,-45.977165	12.515851,35.197392,-45.495922
11.693600,33.840977,-45.457359	13.817941,31.565039,-45.331825	7.730331,33.334892,-47.741920
7.730331,33.334892,-47.741920	13.817941,31.565039,-45.331825	12.493339,30.269297,-46.475636
14.926075,52.732414,-58.668922	19.660393,51.379204,-54.854038	17.046837,50.860550,-54.162167
23.877748,50.479313,-68.247345	24.984606,50.431194,-65.488976	21.532833,51.952030,-64.300163
2.352245,37.783691,-71.654205	3.340158,41.251682,-71.834358	-0.244030,40.429012,-64.907997
1.282841,30.302080,-67.790352	3.167345,31.751259,-72.098907	1.148264,33.801266,-69.616425
3.167345,31.751259,-72.098907	1.282841,30.302080,-67.790352	2.768492,27.237768,-68.228020
26.390091,31.337355,-77.600975	27.751318,27.794899,-75.293411	29.287365,31.833490,-75.326523
25.550777,23.072762,-73.068886	24.917000,25.202745,-75.529434	21.997139,23.021175,-74.941460
21.849957,46.035198,-76.037170	26.267946,44.225849,-75.155289	24.662180,48.107685,-72.396027
22.245829,21.662928,-73.390610	25.550777,23.072762,-73.068886	21.997139,23.021175,-74.941460
30.674295,38.212933,-51.067375	28.411419,38.185135,-48.634701	29.617306,41.017796,-51.243771
15.698423,20.878847,-72.594414	20.120754,20.515127,-72.283936	17.342808,21.859213,-74.115021
28.867926,48.204994,-59.982437	31.592236,44.935722,-60.080833	29.476915,46.656288,-56.566059
22.190041,42.816818,-46.744823	18.513762,46.156967,-48.403217	22.019722,48.242462,-51.138096
0.022390,42.393375,-62.418324	1.237396,44.759808,-62.015526	0.497255,43.162327,-59.469593
11.617617,34.963669,-45.242317	11.693600,33.840977,-45.457359	7.730331,33.334892,-47.741920
20.717813,20.331505,-53.827019	14.762763,18.875637,-58.959038	15.917686,21.408258,-53.223045
1.148264,33.801266,-69.616425	2.406109,35.465240,-72.114532	0.763947,36.023335,-68.915291
2.406109,35.465240,-72.114532	2.352245,37.783691,-71.654205	0.763947,36.023335,-68.915291
18.132048,18.112530,-66.671822	15.264310,18.311747,-63.245113	20.157539,17.819471,-63.391144
26.677090,40.845879,-48.344666	29.617306,41.017796,-51.243771	28.411419,38.185135,-48.634701
32.417885,43.553268,-60.972424	34.779781,36.803593,-60.697269	33.114422,40.763985,-57.902393
4.872990,25.667162,-53.802277	1.847275,29.158234,-54.078590	5.863625,26.670010,-51.562374
2.587384,41.480347,-52.455723	2.021938,42.905987,-54.439137	4.009237,44.018444,-52.648003
5.863625,26.670010,-51.562374	1.847275,29.158234,-54.078590	2.833954,30.379166,-51.943878
29.476915,46.656288,-56.566059	27.112204,49.326450,-57.876171	28.867926,48.204994,-59.982437
14.287206,18.619343,-65.289703	6.002935,22.508421,-62.543819	8.583290,21.107527,-61.188549
26.401667,19.979280,-58.655689	22.870802,18.759821,-58.882378	23.842667,20.559275,-54.498058
27.112204,49.326450,-57.876171	26.069239,49.652927,-56.610558	23.336761,51.452026,-59.360329
10.949134,22.182144,-72.034134	9.207603,23.682487,-72.722542	8.792840,21.798977,-68.954712
-0.685300,40.267242,-61.350952	0.022390,42.393375,-62.418324	0.497255,43.162327,-59.469593
11.617617,34.963669,-45.242317	9.872665,35.039658,-46.128296	11.391220,36.368813,-45.977165
11.617617,34.963669,-45.242317	7.730331,33.334892,-47.741920	9.872665,35.039658,-46.128296
14.926075,52.732414,-58.668922	17.046837,50.860550,-54.162167	12.253447,50.093002,-53.283291
20.157539,17.819471,-63.391144	23.246149,18.453493,-64.706795	20.448997,18.484537,-68.274834
27.751318,27.794899,-75.293411	24.917000,25.202745,-75.529434	28.090731,25.922873,-73.676857
15.264310,18.311747,-63.245113	18.132048,18.112530,-66.671822	14.287206,18.619343,-65.289703
28.638220,26.977377,-50.380722	26.360785,24.782528,-50.389896	26.058910,28.830729,-47.399895
16.487522,50.024429,-72.208031	16.057734,46.971195,-75.921394	19.331083,49.806549,-72.517853
2.833954,30.379166,-51.943878	1.847275,29.158234,-54.078590	1.500846,32.328083,-52.630840
30.137459,22.283545,-60.054703	26.401667,19.979280,-58.655689	29.295074,22.411688,-57.170582
33.221390,27.795042,-67.516685	34.389030,30.576279,-66.776176	33.612072,31.486301,-69.352707
10.949134,22.182144,-72.034134	15.698423,20.878847,-72.594414	12.209476,22.989611,-74.082489
28.157543,47.606434,-69.359489	29.859844,46.221764,-68.717224	28.567665,47.867634,-65.828049
30.192884,23.385818,-67.320839	27.224001,21.226030,-68.148361	27.035910,20.355003,-66.254532
-0.864260,38.406948,-62.740814	-0.685300,40.267242,-61.350952	-1.066597,35.530220,-60.073193
-0.993037,33.271278,-61.178787	-0.864260,38.406948,-62.740814	-1.066597,35.530220,-60.073193
22.671026,19.389103,-69.395798	23.246149,18.453493,-64.706795	27.035910,20.355003,-66.254532
5.535189,43.667408,-72.820602	5.449140,46.242649,-70.358818	3.340158,41.251682,-71.834358
8.362583,36.212025,-46.687504	11.391220,36.368813,-45.977165	8.975327,35.933598,-46.338810
8.975327,35.933598,-46.338810	9.872665,35.039658,-46.128296	7.730331,33.334892,-47.741920
8.975327,35.933598,-46.338810	11.391220,36.368813,-45.977165	9.872665,35.039658,-46.128296
20.448997,18.484537,-68.274834	18.132048,18.112530,-66.671822	20.157539,17.819471,-63.391144
21.757524,49.225605,-72.629395	19.457809,47.139431,-75.496956	21.849957,46.035198,-76.037170
26.058910,28.830729,-47.399895	26.360785,24.782528,-50.389896	24.622801,27.078806,-48.031109
3.736396,46.150955,-55.657745	7.401812,48.818150,-54.838543	6.577698,46.928207,-52.943844
23.328138,45.973984,-49.771492	22.190041,42.816818,-46.744823	22.019722,48.242462,-51.138096
0.505960,39.147057,-54.915325	2.587384,41.480347,-52.455723	1.817569,36.138210,-51.888000
0.505960,39.147057,-54.915325	1.817569,36.138210,-51.888000	0.916671,34.833294,-53.137642
15.207468,27.702293,-46.828102	20.453478,26.677013,-48.568127	18.289141,22.826033,-51.175896
1.237396,44.759808,-62.015526	3.060893,47.061958,-63.865711	4.039342,48.253132,-61.050652
12.493339,30.269297,-46.475636	14.022482,28.509127,-46.575752	11.778235,27.583559,-47.699848
5.069411,28.214937,-72.555923	3.167345,31.751259,-72.098907	2.768492,27.237768,-68.228020
28.638220,26.977377,-50.380722	29.794100,31.268148,-49.352390	31.746229,30.754066,-51.793499
9.095119,50.798874,-57.036293	12.253447,50.093002,-53.283291	7.401812,48.818150,-54.838543
34.889282,30.685226,-60.394962	34.550903,34.232006,-57.698956	35.278080,34.158619,-61.761963
34.550903,34.232006,-57.698956	34.779781,36.803593,-60.697269	35.278080,34.158619,-61.761963
12.696541,52.963810,-63.010529	13.843449,52.628925,-65.503799	16.951881,52.883556,-63.981121
24.043028,23.583969,-50.516880	24.622801,27.078806,-48.031109	26.360785,24.782528,-50.389896
3.736396,46.150955,-55.657745	6.577698,46.928207,-52.943844	4.009237,44.018444,-52.648003
17.342808,21.859213,-74.115021	16.003862,23.408310,-75.684952	15.698423,20.878847,-72.594414
4.039342,48.253132,-61.050652	5.455538,49.430462,-64.045052	6.926673,50.788525,-62.202076
12.209476,22.989611,-74.082489	9.207603,23.682487,-72.722542	10.949134,22.182144,-72.034134
7.180101,48.749390,-69.399841	10.289703,46.949276,-74.043663	12.872079,49.211178,-72.599518
19.133793,43.739361,-46.485802	14.770386,45.134594,-47.949474	18.513762,46.156967,-48.403217
1.460786,27.344046,-63.425953	-0.000569,29.631033,-62.127407	2.259169,25.773821,-60.633972
14.313059,42.629196,-46.435120	11.518803,41.770432,-46.430218	10.150264,43.831066,-47.589417
22.671026,19.389103,-69.395798	20.448997,18.484537,-68.274834	23.246149,18.453493,-64.706795
26.390091,31.337355,-77.600975	29.287365,31.833490,-75.326523	27.755348,34.846188,-77.221855
29.088930,41.562225,-74.713112	26.965496,38.589893,-77.389519	29.269119,37.885220,-75.928177
26.267946,44.225849,-75.155289	21.849957,46.035198,-76.037170	23.231730,44.788612,-76.380676
16.003862,23.408310,-75.684952	17.342808,21.859213,-74.115021	21.997139,23.021175,-74.941460
16.057734,46.971195,-75.921394	16.487522,50.024429,-72.208031	12.872079,49.211178,-72.599518
23.336761,51.452026,-59.360329	21.945585,50.867977,-54.770821	18.903402,52.706242,-59.696499
23.877748,50.479313,-68.247345	28.157543,47.606434,-69.359489	24.984606,50.431194,-65.488976
13.698374,38.583096,-45.901146	11.391220,36.368813,-45.977165	8.762417,39.113934,-46.922672
13.698374,38.583096,-45.901146	8.762417,39.113934,-46.922672	11.518803,41.770432,-46.430218
20.717813,20.331505,-53.827019	18.145910,18.723694,-58.323231	14.762763,18.875637,-58.959038
23.877748,50.479313,-68.247345	21.532833,51.952030,-64.300163	21.136047,51.262665,-68.505333
26.267946,44.225849,-75.155289	24.815928,40.488239,-77.846550	29.088930,41.562225,-74.713112
26.965496,38.589893,-77.389519	29.088930,41.562225,-74.713112	24.815928,40.488239,-77.846550
26.677090,40.845879,-48.344666	27.895111,45.427933,-52.782024	29.617306,41.017796,-51.243771
9.565268,22.985212,-52.810219	8.408302,21.936985,-57.055946	6.704761,23.946287,-54.217922
4.009237,44.018444,-52.648003	2.021938,42.905987,-54.439137	3.736396,46.150955,-55.657745
9.910858,51.935837,-65.425957	9.667597,52.245113,-62.773777	7.720860,50.912403,-65.543045
15.698423,20.878847,-72.594414	16.003862,23.408310,-75.684952	12.209476,22.989611,-74.082489
4.039342,48.253132,-61.050652	3.060893,47.061958,-63.865711	5.455538,49.430462,-64.045052
20.717813,20.331505,-53.827019	22.870802,18.759821,-58.882378	18.145910,18.723694,-58.323231
-0.000569,29.631033,-62.127407	-0.338488,31.172712,-63.260334	-0.993037,33.271278,-61.178787
22.671026,19.389103,-69.395798	27.035910,20.355003,-66.254532	27.224001,21.226030,-68.148361
11.518803,41.770432,-46.430218	8.762417,39.113934,-46.922672	8.972982,41.759884,-46.945107
8.362583,36.212025,-46.687504	8.762417,39.113934,-46.922672	11.391220,36.368813,-45.977165
10.150264,43.831066,-47.589417	11.518803,41.770432,-46.430218	8.972982,41.759884,-46.945107
24.932346,28.136860,-77.366104	27.751318,27.794899,-75.293411	26.390091,31.337355,-77.600975
32.624165,33.473454,-52.746513	29.475178,34.255817,-48.745956	32.219112,36.521626,-52.709953
31.746229,30.754066,-51.793499	29.475178,34.255817,-48.745956	32.624165,33.473454,-52.746513
29.794100,31.268148,-49.352390	29.475178,34.255817,-48.745956	31.746229,30.754066,-51.793499
27.895111,45.427933,-52.782024	26.677090,40.845879,-48.344666	25.641254,46.904366,-51.904037
27.296831,23.915329,-51.923508	26.360785,24.782528,-50.389896	28.638220,26.977377,-50.380722
32.950176,25.686861,-62.123032	31.570850,24.412411,-58.746674	33.925182,27.718163,-60.922146
13.843449,52.628925,-65.503799	12.696541,52.963810,-63.010529	9.910858,51.935837,-65.425957
16.057734,46.971195,-75.921394	19.457809,47.139431,-75.496956	19.331083,49.806549,-72.517853
28.779608,21.073606,-61.059692	26.401667,19.979280,-58.655689	30.137459,22.283545,-60.054703
7.720860,50.912403,-65.543045	9.667597,52.245113,-62.773777	6.926673,50.788525,-62.202076
15.917686,21.408258,-53.223045	14.762763,18.875637,-58.959038	11.943037,20.578590,-56.994778
16.951881,52.883556,-63.981121	18.721476,51.397266,-69.430283	21.532833,51.952030,-64.300163
21.532833,51.952030,-64.300163	18.721476,51.397266,-69.430283	21.136047,51.262665,-68.505333
27.751318,27.794899,-75.293411	24.932346,28.136860,-77.366104	24.917000,25.202745,-75.529434
30.674295,38.212933,-51.067375	32.219112,36.521626,-52.709953	29.475178,34.255817,-48.745956
11.943037,20.578590,-56.994778	8.408302,21.936985,-57.055946	9.565268,22.985212,-52.810219
4.872990,25.667162,-53.802277	6.704761,23.946287,-54.217922	5.381241,23.421036,-57.890892
31.570850,24.412411,-58.746674	32.950176,25.686861,-62.123032	30.137459,22.283545,-60.054703
9.910858,51.935837,-65.425957	12.696541,52.963810,-63.010529	9.667597,52.245113,-62.773777
24.622801,27.078806,-48.031109	24.043028,23.583969,-50.516880	20.453478,26.677013,-48.568127
0.505960,39.147057,-54.915325	2.021938,42.905987,-54.439137	2.587384,41.480347,-52.455723
0.890589,30.292597,-55.066696	1.500846,32.328083,-52.630840	1.847275,29.158234,-54.078590
5.455538,49.430462,-64.045052	7.720860,50.912403,-65.543045	6.926673,50.788525,-62.202076
33.221390,27.795042,-67.516685	33.612072,31.486301,-69.352707	31.967377,26.975969,-69.455399
10.161327,26.242332,-75.795631	5.840049,25.881250,-71.500748	9.207603,23.682487,-72.722542
14.770386,45.134594,-47.949474	14.313059,42.629196,-46.435120	12.138500,46.343472,-48.959251
11.778235,27.583559,-47.699848	14.022482,28.509127,-46.575752	15.207468,27.702293,-46.828102
11.778235,27.583559,-47.699848	15.207468,27.702293,-46.828102	11.197729,25.399546,-49.239594
8.362583,36.212025,-46.687504	8.087347,36.824974,-46.698597	8.762417,39.113934,-46.922672
8.975327,35.933598,-46.338810	7.730331,33.334892,-47.741920	8.362583,36.212025,-46.687504
8.972982,41.759884,-46.945107	8.762417,39.113934,-46.922672	7.824801,40.354568,-47.194866
24.932346,28.136860,-77.366104	23.136539,25.977335,-76.846764	24.917000,25.202745,-75.529434
23.231730,44.788612,-76.380676	24.815928,40.488239,-77.846550	26.267946,44.225849,-75.155289
20.453478,26.677013,-48.568127	24.043028,23.583969,-50.516880	18.289141,22.826033,-51.175896
1.500846,32.328083,-52.630840	-0.306683,35.042435,-55.735477	0.916671,34.833294,-53.137642
-0.306683,35.042435,-55.735477	0.505960,39.147057,-54.915325	0.916671,34.833294,-53.137642
13.780478,47.715687,-50.229847	18.513762,46.156967,-48.403217	14.770386,45.134594,-47.949474
10.161327,26.242332,-75.795631	5.069411,28.214937,-72.555923	5.840049,25.881250,-71.500748
14.313059,42.629196,-46.435120	10.150264,43.831066,-47.589417	12.138500,46.343472,-48.959251
18.903402,52.706242,-59.696499	19.660393,51.379204,-54.854038	14.926075,52.732414,-58.668922
2.406109,35.465240,-72.114532	1.148264,33.801266,-69.616425	3.167345,31.751259,-72.098907
26.965496,38.589893,-77.389519	27.755348,34.846188,-77.221855	29.269119,37.885220,-75.928177
7.303688,37.273277,-47.223366	7.824801,40.354568,-47.194866	8.762417,39.113934,-46.922672
7.730331,33.334892,-47.741920	7.303688,37.273277,-47.223366	8.362583,36.212025,-46.687504
8.362583,36.212025,-46.687504	7.303688,37.273277,-47.223366	8.087347,36.824974,-46.698597
7.303688,37.273277,-47.223366	8.762417,39.113934,-46.922672	8.087347,36.824974,-46.698597
23.136539,25.977335,-76.846764	21.997139,23.021175,-74.941460	24.917000,25.202745,-75.529434
31.283361,42.668507,-70.330574	31.578732,44.366951,-66.465767	29.859844,46.221764,-68.717224
31.967377,26.975969,-69.455399	29.580915,24.528198,-70.294106	30.192884,23.385818,-67.320839
29.547697,25.735977,-52.718044	27.296831,23.915329,-51.923508	28.638220,26.977377,-50.380722
34.779781,36.803593,-60.697269	32.417885,43.553268,-60.972424	33.406261,40.953392,-63.071972
1.847275,29.158234,-54.078590	4.872990,25.667162,-53.802277	3.082941,25.849579,-56.684662
23.966942,18.615993,-61.426712	22.870802,18.759821,-58.882378	26.401667,19.979280,-58.655689
13.780478,47.715687,-50.229847	14.770386,45.134594,-47.949474	12.138500,46.343472,-48.959251
-0.864260,38.406948,-62.740814	-0.244030,40.429012,-64.907997	-0.685300,40.267242,-61.350952
-0.338488,31.172712,-63.260334	-0.475074,34.010700,-65.049423	-0.993037,33.271278,-61.178787
0.022390,42.393375,-62.418324	-0.685300,40.267242,-61.350952	-0.244030,40.429012,-64.907997
12.493339,30.269297,-46.475636	11.778235,27.583559,-47.699848	9.004634,27.025190,-49.131485
9.095119,50.798874,-57.036293	10.917195,52.212315,-59.211670	12.253447,50.093002,-53.283291
6.704761,23.946287,-54.217922	8.408302,21.936985,-57.055946	5.381241,23.421036,-57.890892
30.192884,23.385818,-67.320839	29.580915,24.528198,-70.294106	27.224001,21.226030,-68.148361
8.791434,45.023121,-74.977455	10.289703,46.949276,-74.043663	7.180101,48.749390,-69.399841
7.100093,44.944874,-50.382454	10.150264,43.831066,-47.589417	8.972982,41.759884,-46.945107
31.746229,30.754066,-51.793499	32.129135,28.620003,-53.763237	28.638220,26.977377,-50.380722
29.547697,25.735977,-52.718044	28.638220,26.977377,-50.380722	32.129135,28.620003,-53.763237
15.786787,51.371868,-69.647217	16.951881,52.883556,-63.981121	13.843449,52.628925,-65.503799
21.997139,23.021175,-74.941460	23.136539,25.977335,-76.846764	16.003862,23.408310,-75.684952
27.296831,23.915329,-51.923508	25.831818,22.165390,-52.955353	26.360785,24.782528,-50.389896
0.505960,39.147057,-54.915325	0.721807,42.221161,-56.614426	2.021938,42.905987,-54.439137
12.872079,49.211178,-72.599518	10.289703,46.949276,-74.043663	13.567077,46.380421,-76.003876
3.060893,47.061958,-63.865711	1.237396,44.759808,-62.015526	1.573900,44.051865,-65.943535
3.225905,25.440231,-65.783638	1.460786,27.344046,-63.425953	2.259169,25.773821,-60.633972
5.535189,43.667408,-72.820602	8.791434,45.023121,-74.977455	5.449140,46.242649,-70.358818
8.791434,45.023121,-74.977455	7.180101,48.749390,-69.399841	5.449140,46.242649,-70.358818
4.272916,33.364990,-73.851288	4.012505,37.888691,-74.040184	2.406109,35.465240,-72.114532
3.340158,41.251682,-71.834358	2.352245,37.783691,-71.654205	4.012505,37.888691,-74.040184
4.272916,33.364990,-73.851288	2.406109,35.465240,-72.114532	3.167345,31.751259,-72.098907
2.352245,37.783691,-71.654205	2.406109,35.465240,-72.114532	4.012505,37.888691,-74.040184
35.103863,31.385780,-63.328510	34.889282,30.685226,-60.394962	35.278080,34.158619,-61.761963
23.136539,25.977335,-76.846764	16.285364,25.275114,-77.016029	16.003862,23.408310,-75.684952
24.043028,23.583969,-50.516880	25.831818,22.165390,-52.955353	24.200867,22.134563,-52.171402
26.360785,24.782528,-50.389896	25.831818,22.165390,-52.955353	24.043028,23.583969,-50.516880
0.890589,30.292597,-55.066696	-0.422849,33.154633,-56.881779	1.500846,32.328083,-52.630840
-0.422849,33.154633,-56.881779	-0.306683,35.042435,-55.735477	1.500846,32.328083,-52.630840
28.867926,48.204994,-59.982437	27.112204,49.326450,-57.876171	23.336761,51.452026,-59.360329
8.792840,21.798977,-68.954712	4.983747,24.006130,-67.152046	6.002935,22.508421,-62.543819
12.209476,22.989611,-74.082489	10.161327,26.242332,-75.795631	9.207603,23.682487,-72.722542
12.253447,50.093002,-53.283291	10.917195,52.212315,-59.211670	14.926075,52.732414,-58.668922
22.712212,41.185387,-78.327354	24.815928,40.488239,-77.846550	23.231730,44.788612,-76.380676
24.932346,28.136860,-77.366104	22.816042,28.198112,-78.063309	23.136539,25.977335,-76.846764
34.159809,28.277603,-64.127365	33.925182,27.718163,-60.922146	35.103863,31.385780,-63.328510
33.925182,27.718163,-60.922146	34.889282,30.685226,-60.394962	35.103863,31.385780,-63.328510
15.786787,51.371868,-69.647217	13.843449,52.628925,-65.503799	12.868937,51.549850,-68.096756
21.849957,46.035198,-76.037170	19.457809,47.139431,-75.496956	16.057734,46.971195,-75.921394
3.082941,25.849579,-56.684662	4.872990,25.667162,-53.802277	5.381241,23.421036,-57.890892
8.792840,21.798977,-68.954712	6.002935,22.508421,-62.543819	14.287206,18.619343,-65.289703
29.859844,46.221764,-68.717224	30.467825,42.491127,-72.486053	31.283361,42.668507,-70.330574
-0.244030,40.429012,-64.907997	1.573900,44.051865,-65.943535	0.022390,42.393375,-62.418324
1.573900,44.051865,-65.943535	1.237396,44.759808,-62.015526	0.022390,42.393375,-62.418324
28.157543,47.606434,-69.359489	23.877748,50.479313,-68.247345	26.138317,48.669380,-69.963295
11.778235,27.583559,-47.699848	11.197729,25.399546,-49.239594	9.004634,27.025190,-49.131485
7.303688,37.273277,-47.223366	4.186239,39.298988,-49.869102	7.824801,40.354568,-47.194866
31.746229,30.754066,-51.793499	32.624165,33.473454,-52.746513	33.254898,31.608633,-54.362869
31.746229,30.754066,-51.793499	33.254898,31.608633,-54.362869	32.129135,28.620003,-53.763237
15.786787,51.371868,-69.647217	18.721476,51.397266,-69.430283	16.951881,52.883556,-63.981121
22.712212,41.185387,-78.327354	23.231730,44.788612,-76.380676	22.369896,42.180931,-77.970322
7.583724,50.715263,-58.862976	9.095119,50.798874,-57.036293	7.401812,48.818150,-54.838543
34.159809,28.277603,-64.127365	32.950176,25.686861,-62.123032	33.925182,27.718163,-60.922146
13.740443,20.220779,-70.249741	8.792840,21.798977,-68.954712	14.287206,18.619343,-65.289703
25.641254,46.904366,-51.904037	22.019722,48.242462,-51.138096	23.245401,48.749363,-52.368538
22.019722,48.242462,-51.138096	25.641254,46.904366,-51.904037	23.328138,45.973984,-49.771492
13.567077,46.380421,-76.003876	16.057734,46.971195,-75.921394	12.872079,49.211178,-72.599518
4.983747,24.006130,-67.152046	2.259169,25.773821,-60.633972	6.002935,22.508421,-62.543819
2.259169,25.773821,-60.633972	4.983747,24.006130,-67.152046	3.225905,25.440231,-65.783638
18.289141,22.826033,-51.175896	13.035897,23.645874,-50.355721	15.207468,27.702293,-46.828102
-0.993037,33.271278,-61.178787	-0.475074,34.010700,-65.049423	-0.864260,38.406948,-62.740814
-0.475074,34.010700,-65.049423	-0.244030,40.429012,-64.907997	-0.864260,38.406948,-62.740814
24.144743,20.858217,-70.974792	22.671026,19.389103,-69.395798	27.224001,21.226030,-68.148361
3.167345,31.751259,-72.098907	7.119108,31.863571,-76.291687	4.272916,33.364990,-73.851288
7.119108,31.863571,-76.291687	3.167345,31.751259,-72.098907	5.069411,28.214937,-72.555923
5.874209,40.682991,-75.147644	5.535189,43.667408,-72.820602	3.340158,41.251682,-71.834358
10.850692,47.204266,-50.175411	12.138500,46.343472,-48.959251	10.150264,43.831066,-47.589417
27.755348,34.846188,-77.221855	26.965496,38.589893,-77.389519	23.458925,31.380388,-78.827217
32.219112,36.521626,-52.709953	30.674295,38.212933,-51.067375	31.879179,40.726318,-54.288017
22.816042,28.198112,-78.063309	18.924278,28.629608,-78.804306	23.136539,25.977335,-76.846764
21.849957,46.035198,-76.037170	21.185490,42.791084,-78.137566	23.231730,44.788612,-76.380676
13.843449,52.628925,-65.503799	9.910858,51.935837,-65.425957	12.868937,51.549850,-68.096756
3.082941,25.849579,-56.684662	1.208290,28.156599,-57.673817	1.847275,29.158234,-54.078590
3.736396,46.150955,-55.657745	2.021938,42.905987,-54.439137	1.885762,45.052261,-57.989708
12.209476,22.989611,-74.082489	16.003862,23.408310,-75.684952	13.244043,25.170071,-76.382065
5.874209,40.682991,-75.147644	3.340158,41.251682,-71.834358	4.012505,37.888691,-74.040184
26.965496,38.589893,-77.389519	25.047873,38.610294,-78.169655	23.942755,37.319122,-78.204597
27.755348,34.846188,-77.221855	23.458925,31.380388,-78.827217	26.390091,31.337355,-77.600975
24.815928,40.488239,-77.846550	25.047873,38.610294,-78.169655	26.965496,38.589893,-77.389519
31.879179,40.726318,-54.288017	30.674295,38.212933,-51.067375	29.617306,41.017796,-51.243771
7.583724,50.715263,-58.862976	7.401812,48.818150,-54.838543	3.736396,46.150955,-55.657745
30.137459,22.283545,-60.054703	32.950176,25.686861,-62.123032	31.281126,23.680490,-64.472954
1.208290,28.156599,-57.673817	0.890589,30.292597,-55.066696	1.847275,29.158234,-54.078590
1.885762,45.052261,-57.989708	2.021938,42.905987,-54.439137	0.721807,42.221161,-56.614426
26.648115,19.754999,-62.897079	26.401667,19.979280,-58.655689	28.779608,21.073606,-61.059692
33.612072,31.486301,-69.352707	33.883595,34.784542,-69.117035	32.215137,34.312920,-72.219109
30.681454,29.296734,-72.996056	33.612072,31.486301,-69.352707	32.215137,34.312920,-72.219109
33.883595,34.784542,-69.117035	33.743004,36.944717,-68.345512	31.478870,39.261803,-72.350410
13.244043,25.170071,-76.382065	10.161327,26.242332,-75.795631	12.209476,22.989611,-74.082489
8.711877,42.793247,-76.467255	8.791434,45.023121,-74.977455	5.535189,43.667408,-72.820602
11.197729,25.399546,-49.239594	15.207468,27.702293,-46.828102	13.035897,23.645874,-50.355721
5.309921,29.588884,-50.306904	12.493339,30.269297,-46.475636	9.004634,27.025190,-49.131485
23.942755,37.319122,-78.204597	23.458925,31.380388,-78.827217	26.965496,38.589893,-77.389519
26.390091,31.337355,-77.600975	23.458925,31.380388,-78.827217	24.932346,28.136860,-77.366104
25.047873,38.610294,-78.169655	24.815928,40.488239,-77.846550	23.942755,37.319122,-78.204597
24.815928,40.488239,-77.846550	24.155214,39.502953,-78.358063	23.942755,37.319122,-78.204597
30.597383,43.652634,-54.622192	29.617306,41.017796,-51.243771	27.895111,45.427933,-52.782024
18.708014,44.253521,-77.804245	19.980341,43.502171,-77.977982	21.849957,46.035198,-76.037170
31.592236,44.935722,-60.080833	28.867926,48.204994,-59.982437	30.909643,45.660885,-64.995216
12.868937,51.549850,-68.096756	9.910858,51.935837,-65.425957	8.707743,50.763515,-67.336670
31.967377,26.975969,-69.455399	33.612072,31.486301,-69.352707	30.681454,29.296734,-72.996056
33.743004,36.944717,-68.345512	31.283361,42.668507,-70.330574	31.478870,39.261803,-72.350410
10.289703,46.949276,-74.043663	10.755084,44.884949,-76.223305	13.567077,46.380421,-76.003876
13.780478,47.715687,-50.229847	19.263134,50.242855,-52.848469	18.513762,46.156967,-48.403217
-0.000569,29.631033,-62.127407	1.460786,27.344046,-63.425953	2.768492,27.237768,-68.228020
25.550777,23.072762,-73.068886	27.224001,21.226030,-68.148361	29.580915,24.528198,-70.294106
8.711877,42.793247,-76.467255	5.535189,43.667408,-72.820602	5.874209,40.682991,-75.147644
7.730331,33.334892,-47.741920	12.493339,30.269297,-46.475636	5.309921,29.588884,-50.306904
33.254898,31.608633,-54.362869	32.624165,33.473454,-52.746513	34.550903,34.232006,-57.698956
24.932346,28.136860,-77.366104	23.458925,31.380388,-78.827217	22.816042,28.198112,-78.063309
24.815928,40.488239,-77.846550	22.712212,41.185387,-78.327354	23.262554,40.395611,-78.455048
24.155214,39.502953,-78.358063	24.815928,40.488239,-77.846550	22.270945,39.838730,-78.306496
24.815928,40.488239,-77.846550	23.262554,40.395611,-78.455048	22.270945,39.838730,-78.306496
24.155214,39.502953,-78.358063	22.270945,39.838730,-78.306496	23.942755,37.319122,-78.204597
23.136539,25.977335,-76.846764	18.924278,28.629608,-78.804306	16.285364,25.275114,-77.016029
21.849957,46.035198,-76.037170	16.057734,46.971195,-75.921394	18.708014,44.253521,-77.804245
31.281126,23.680490,-64.472954	28.713875,21.052698,-63.562191	30.137459,22.283545,-60.054703
28.713875,21.052698,-63.562191	28.779608,21.073606,-61.059692	30.137459,22.283545,-60.054703
16.003862,23.408310,-75.684952	16.285364,25.275114,-77.016029	13.244043,25.170071,-76.382065
22.019722,48.242462,-51.138096	18.513762,46.156967,-48.403217	19.263134,50.242855,-52.848469
24.043028,23.583969,-50.516880	17.845543,21.928272,-52.064281	18.289141,22.826033,-51.175896
-0.306683,35.042435,-55.735477	-0.608527,38.070503,-57.724117	0.505960,39.147057,-54.915325
26.648115,19.754999,-62.897079	23.966942,18.615993,-61.426712	26.401667,19.979280,-58.655689
5.444373,48.002903,-67.916832	5.455538,49.430462,-64.045052	3.060893,47.061958,-63.865711
10.289703,46.949276,-74.043663	8.791434,45.023121,-74.977455	10.755084,44.884949,-76.223305
5.384812,42.464703,-50.020443	8.972982,41.759884,-46.945107	7.824801,40.354568,-47.194866
32.219112,36.521626,-52.709953	33.718609,36.978512,-56.061462	32.624165,33.473454,-52.746513
31.879179,40.726318,-54.288017	33.718609,36.978512,-56.061462	32.219112,36.521626,-52.709953
23.262554,40.395611,-78.455048	22.712212,41.185387,-78.327354	22.270945,39.838730,-78.306496
23.231730,44.788612,-76.380676	21.477234,42.180931,-78.435715	22.369896,42.180931,-77.970322
8.707743,50.763515,-67.336670	9.910858,51.935837,-65.425957	7.720860,50.912403,-65.543045
30.467825,42.491127,-72.486053	29.859844,46.221764,-68.717224	29.128618,43.640568,-73.371826
4.186239,39.298988,-49.869102	5.384812,42.464703,-50.020443	7.824801,40.354568,-47.194866
14.762763,18.875637,-58.959038	8.408302,21.936985,-57.055946	11.943037,20.578590,-56.994778
21.185490,42.791084,-78.137566	21.477234,42.180931,-78.435715	23.231730,44.788612,-76.380676
22.712212,41.185387,-78.327354	22.369896,42.180931,-77.970322	22.270945,39.838730,-78.306496
22.369896,42.180931,-77.970322	21.477234,42.180931,-78.435715	22.270945,39.838730,-78.306496
29.128618,43.640568,-73.371826	29.859844,46.221764,-68.717224	28.238777,45.843517,-71.961235
28.157543,47.606434,-69.359489	28.238777,45.843517,-71.961235	29.859844,46.221764,-68.717224
5.069411,28.214937,-72.555923	10.161327,26.242332,-75.795631	9.021646,28.816624,-76.516495
26.138317,48.669380,-69.963295	23.877748,50.479313,-68.247345	22.908138,49.805069,-71.036774
10.150264,43.831066,-47.589417	7.100093,44.944874,-50.382454	10.850692,47.204266,-50.175411
30.597383,43.652634,-54.622192	31.879179,40.726318,-54.288017	29.617306,41.017796,-51.243771
14.287206,18.619343,-65.289703	18.132048,18.112530,-66.671822	13.740443,20.220779,-70.249741
23.942755,37.319122,-78.204597	22.270945,39.838730,-78.306496	17.365955,34.427467,-78.588913
21.477234,42.180931,-78.435715	21.185490,42.791084,-78.137566	22.270945,39.838730,-78.306496
32.417885,43.553268,-60.972424	31.592236,44.935722,-60.080833	30.909643,45.660885,-64.995216
24.200867,22.134563,-52.171402	20.717813,20.331505,-53.827019	24.043028,23.583969,-50.516880
28.713875,21.052698,-63.562191	26.648115,19.754999,-62.897079	28.779608,21.073606,-61.059692
7.720860,50.912403,-65.543045	5.455538,49.430462,-64.045052	5.444373,48.002903,-67.916832
5.069411,28.214937,-72.555923	9.021646,28.816624,-76.516495	7.119108,31.863571,-76.291687
9.095119,50.798874,-57.036293	7.583724,50.715263,-58.862976	10.917195,52.212315,-59.211670
34.977028,32.863037,-65.803619	35.278080,34.158619,-61.761963	34.822792,34.903320,-65.869423
35.103863,31.385780,-63.328510	35.278080,34.158619,-61.761963	34.977028,32.863037,-65.803619
34.779781,36.803593,-60.697269	34.822792,34.903320,-65.869423	35.278080,34.158619,-61.761963
13.567077,46.380421,-76.003876	13.663910,44.032898,-77.689972	16.057734,46.971195,-75.921394
13.663910,44.032898,-77.689972	18.708014,44.253521,-77.804245	16.057734,46.971195,-75.921394
1.208290,28.156599,-57.673817	-0.170831,30.883995,-58.278763	0.890589,30.292597,-55.066696
0.890589,30.292597,-55.066696	-0.170831,30.883995,-58.278763	-0.422849,33.154633,-56.881779
24.984606,50.431194,-65.488976	28.867926,48.204994,-59.982437	23.336761,51.452026,-59.360329
32.215137,34.312920,-72.219109	33.883595,34.784542,-69.117035	31.478870,39.261803,-72.350410
23.966942,18.615993,-61.426712	20.157539,17.819471,-63.391144	22.870802,18.759821,-58.882378
1.282841,30.302080,-67.790352	-0.000569,29.631033,-62.127407	2.768492,27.237768,-68.228020
28.157543,47.606434,-69.359489	24.662180,48.107685,-72.396027	28.238777,45.843517,-71.961235
28.157543,47.606434,-69.359489	26.138317,48.669380,-69.963295	24.662180,48.107685,-72.396027
13.780478,47.715687,-50.229847	12.138500,46.343472,-48.959251	12.253447,50.093002,-53.283291
34.550903,34.232006,-57.698956	32.624165,33.473454,-52.746513	33.718609,36.978512,-56.061462
20.448997,18.484537,-68.274834	15.698423,20.878847,-72.594414	18.132048,18.112530,-66.671822
34.779781,36.803593,-60.697269	33.406261,40.953392,-63.071972	33.755619,38.931011,-65.889389
25.641254,46.904366,-51.904037	23.245401,48.749363,-52.368538	26.069239,49.652927,-56.610558
24.200867,22.134563,-52.171402	25.831818,22.165390,-52.955353	23.842667,20.559275,-54.498058
24.043028,23.583969,-50.516880	20.717813,20.331505,-53.827019	17.845543,21.928272,-52.064281
-0.608527,38.070503,-57.724117	0.721807,42.221161,-56.614426	0.505960,39.147057,-54.915325
31.478870,39.261803,-72.350410	31.283361,42.668507,-70.330574	30.467825,42.491127,-72.486053
18.289141,22.826033,-51.175896	17.845543,21.928272,-52.064281	13.035897,23.645874,-50.355721
20.157539,17.819471,-63.391144	18.145910,18.723694,-58.323231	22.870802,18.759821,-58.882378
21.532833,51.952030,-64.300163	23.336761,51.452026,-59.360329	18.903402,52.706242,-59.696499
1.282841,30.302080,-67.790352	-0.338488,31.172712,-63.260334	-0.000569,29.631033,-62.127407
-0.475074,34.010700,-65.049423	-0.338488,31.172712,-63.260334	1.282841,30.302080,-67.790352
7.754148,38.517719,-77.314713	5.874209,40.682991,-75.147644	4.012505,37.888691,-74.040184
12.138500,46.343472,-48.959251	10.850692,47.204266,-50.175411	12.253447,50.093002,-53.283291
13.035897,23.645874,-50.355721	8.941602,24.323429,-51.338974	11.197729,25.399546,-49.239594
14.926075,52.732414,-58.668922	15.607413,53.197315,-61.842995	18.903402,52.706242,-59.696499
23.877748,50.479313,-68.247345	21.136047,51.262665,-68.505333	22.908138,49.805069,-71.036774
5.384812,42.464703,-50.020443	7.100093,44.944874,-50.382454	8.972982,41.759884,-46.945107
23.458925,31.380388,-78.827217	23.942755,37.319122,-78.204597	20.711639,30.064728,-79.131981
8.583290,21.107527,-61.188549	5.381241,23.421036,-57.890892	8.408302,21.936985,-57.055946
32.950176,25.686861,-62.123032	34.159809,28.277603,-64.127365	32.762592,26.134764,-66.002518
13.244043,25.170071,-76.382065	16.285364,25.275114,-77.016029	12.282636,28.151007,-77.869728
8.711877,42.793247,-76.467255	10.755084,44.884949,-76.223305	8.791434,45.023121,-74.977455
17.046837,50.860550,-54.162167	13.780478,47.715687,-50.229847	12.253447,50.093002,-53.283291
17.845543,21.928272,-52.064281	12.016977,22.569897,-52.141129	13.035897,23.645874,-50.355721
-0.475074,34.010700,-65.049423	0.763947,36.023335,-68.915291	-0.244030,40.429012,-64.907997
24.144743,20.858217,-70.974792	27.224001,21.226030,-68.148361	25.550777,23.072762,-73.068886
26.138317,48.669380,-69.963295	22.908138,49.805069,-71.036774	24.662180,48.107685,-72.396027
22.671026,19.389103,-69.395798	20.120754,20.515127,-72.283936	20.448997,18.484537,-68.274834
22.908138,49.805069,-71.036774	21.136047,51.262665,-68.505333	18.721476,51.397266,-69.430283
22.816042,28.198112,-78.063309	23.458925,31.380388,-78.827217	20.711639,30.064728,-79.131981
18.924278,28.629608,-78.804306	22.816042,28.198112,-78.063309	20.711639,30.064728,-79.131981
25.831818,22.165390,-52.955353	27.296831,23.915329,-51.923508	29.295074,22.411688,-57.170582
32.950176,25.686861,-62.123032	32.762592,26.134764,-66.002518	31.281126,23.680490,-64.472954
23.842667,20.559275,-54.498058	20.717813,20.331505,-53.827019	24.200867,22.134563,-52.171402
3.082941,25.849579,-56.684662	2.259169,25.773821,-60.633972	1.208290,28.156599,-57.673817
8.707743,50.763515,-67.336670	7.720860,50.912403,-65.543045	7.180101,48.749390,-69.399841
11.197729,25.399546,-49.239594	8.941602,24.323429,-51.338974	9.004634,27.025190,-49.131485
7.100093,44.944874,-50.382454	9.201302,47.995602,-52.044109	10.850692,47.204266,-50.175411
5.309921,29.588884,-50.306904	3.324895,33.341156,-50.574276	7.730331,33.334892,-47.741920
7.303688,37.273277,-47.223366	7.730331,33.334892,-47.741920	3.324895,33.341156,-50.574276
31.874792,42.651775,-56.119896	31.879179,40.726318,-54.288017	30.597383,43.652634,-54.622192
8.583290,21.107527,-61.188549	8.408302,21.936985,-57.055946	14.762763,18.875637,-58.959038
3.736396,46.150955,-55.657745	4.039342,48.253132,-61.050652	7.583724,50.715263,-58.862976
31.578732,44.366951,-66.465767	32.417885,43.553268,-60.972424	30.909643,45.660885,-64.995216
19.980341,43.502171,-77.977982	18.708014,44.253521,-77.804245	13.105671,41.554939,-78.305824
18.924278,28.629608,-78.804306	15.497957,28.627764,-78.681076	16.285364,25.275114,-77.016029
23.245401,48.749363,-52.368538	22.019722,48.242462,-51.138096	21.945585,50.867977,-54.770821
0.721807,42.221161,-56.614426	0.497255,43.162327,-59.469593	1.885762,45.052261,-57.989708
28.567665,47.867634,-65.828049	28.867926,48.204994,-59.982437	24.984606,50.431194,-65.488976
7.180101,48.749390,-69.399841	7.720860,50.912403,-65.543045	5.444373,48.002903,-67.916832
13.244043,25.170071,-76.382065	12.282636,28.151007,-77.869728	10.161327,26.242332,-75.795631
10.755084,44.884949,-76.223305	13.663910,44.032898,-77.689972	13.567077,46.380421,-76.003876
2.768492,27.237768,-68.228020	1.460786,27.344046,-63.425953	3.225905,25.440231,-65.783638
5.874209,40.682991,-75.147644	8.436791,40.127968,-77.470634	8.711877,42.793247,-76.467255
20.157539,17.819471,-63.391144	14.762763,18.875637,-58.959038	18.145910,18.723694,-58.323231
8.941602,24.323429,-51.338974	5.863625,26.670010,-51.562374	9.004634,27.025190,-49.131485
20.120754,20.515127,-72.283936	15.698423,20.878847,-72.594414	20.448997,18.484537,-68.274834
3.324895,33.341156,-50.574276	4.186239,39.298988,-49.869102	7.303688,37.273277,-47.223366
27.895111,45.427933,-52.782024	29.476915,46.656288,-56.566059	30.597383,43.652634,-54.622192
34.389030,30.576279,-66.776176	35.103863,31.385780,-63.328510	34.977028,32.863037,-65.803619
23.942755,37.319122,-78.204597	17.365955,34.427467,-78.588913	17.337839,31.353903,-79.120872
20.711639,30.064728,-79.131981	23.942755,37.319122,-78.204597	17.337839,31.353903,-79.120872
14.499504,37.885654,-78.936844	17.365955,34.427467,-78.588913	22.270945,39.838730,-78.306496
20.711639,30.064728,-79.131981	19.005716,29.666239,-79.455154	18.924278,28.629608,-78.804306
18.708014,44.253521,-77.804245	13.663910,44.032898,-77.689972	13.105671,41.554939,-78.305824
19.263134,50.242855,-52.848469	21.945585,50.867977,-54.770821	22.019722,48.242462,-51.138096
13.663910,44.032898,-77.689972	10.755084,44.884949,-76.223305	10.938657,41.910946,-78.077255
19.263134,50.242855,-52.848469	13.780478,47.715687,-50.229847	17.046837,50.860550,-54.162167
4.272916,33.364990,-73.851288	7.119108,31.863571,-76.291687	8.872817,33.080894,-77.840736
7.754148,38.517719,-77.314713	4.272916,33.364990,-73.851288	8.872817,33.080894,-77.840736
4.012505,37.888691,-74.040184	4.272916,33.364990,-73.851288	7.754148,38.517719,-77.314713
22.245829,21.662928,-73.390610	22.671026,19.389103,-69.395798	24.144743,20.858217,-70.974792
34.822792,34.903320,-65.869423	34.779781,36.803593,-60.697269	33.755619,38.931011,-65.889389
16.285364,25.275114,-77.016029	15.497957,28.627764,-78.681076	12.282636,28.151007,-77.869728
12.282636,28.151007,-77.869728	9.901234,30.426165,-77.788345	9.021646,28.816624,-76.516495
10.161327,26.242332,-75.795631	12.282636,28.151007,-77.869728	9.021646,28.816624,-76.516495
8.711877,42.793247,-76.467255	10.938657,41.910946,-78.077255	10.755084,44.884949,-76.223305
9.565268,22.985212,-52.810219	13.035897,23.645874,-50.355721	12.016977,22.569897,-52.141129
13.035897,23.645874,-50.355721	9.565268,22.985212,-52.810219	8.941602,24.323429,-51.338974
5.863625,26.670010,-51.562374	5.309921,29.588884,-50.306904	9.004634,27.025190,-49.131485
33.718609,36.978512,-56.061462	31.879179,40.726318,-54.288017	31.874792,42.651775,-56.119896
25.641254,46.904366,-51.904037	26.069239,49.652927,-56.610558	29.476915,46.656288,-56.566059
29.476915,46.656288,-56.566059	27.895111,45.427933,-52.782024	25.641254,46.904366,-51.904037
22.270945,39.838730,-78.306496	19.980341,43.502171,-77.977982	14.499504,37.885654,-78.936844
17.748497,30.209433,-79.613297	19.005716,29.666239,-79.455154	20.711639,30.064728,-79.131981
17.337839,31.353903,-79.120872	17.748497,30.209433,-79.613297	20.711639,30.064728,-79.131981
23.245401,48.749363,-52.368538	21.945585,50.867977,-54.770821	26.069239,49.652927,-56.610558
4.039342,48.253132,-61.050652	3.736396,46.150955,-55.657745	1.885762,45.052261,-57.989708
17.365955,34.427467,-78.588913	13.562302,35.153316,-78.719917	11.469068,32.691368,-78.436340
15.497957,28.627764,-78.681076	14.437115,29.308701,-78.698242	12.282636,28.151007,-77.869728
4.748921,25.195015,-69.257378	3.225905,25.440231,-65.783638	4.983747,24.006130,-67.152046
3.225905,25.440231,-65.783638	4.748921,25.195015,-69.257378	2.768492,27.237768,-68.228020
3.060893,47.061958,-63.865711	1.573900,44.051865,-65.943535	5.444373,48.002903,-67.916832
28.090731,25.922873,-73.676857	31.967377,26.975969,-69.455399	30.681454,29.296734,-72.996056
29.580915,24.528198,-70.294106	31.967377,26.975969,-69.455399	28.090731,25.922873,-73.676857
7.119108,31.863571,-76.291687	9.901234,30.426165,-77.788345	8.872817,33.080894,-77.840736
9.901234,30.426165,-77.788345	7.119108,31.863571,-76.291687	9.021646,28.816624,-76.516495
15.917686,21.408258,-53.223045	12.016977,22.569897,-52.141129	17.845543,21.928272,-52.064281
22.908138,49.805069,-71.036774	18.721476,51.397266,-69.430283	19.331083,49.806549,-72.517853
25.962791,34.877571,-45.939678	25.908199,36.687916,-46.319416	27.271418,34.884560,-46.838570
27.566540,31.682934,-47.312534	25.962791,34.877571,-45.939678	27.271418,34.884560,-46.838570
25.339193,32.272079,-45.968212	25.962791,34.877571,-45.939678	27.566540,31.682934,-47.312534
29.547697,25.735977,-52.718044	32.129135,28.620003,-53.763237	31.570850,24.412411,-58.746674
21.010098,39.763611,-45.565689	21.477234,40.395611,-45.213287	23.073557,40.287331,-45.846989
23.073557,40.287331,-45.846989	21.477234,40.395611,-45.213287	21.003483,41.133240,-45.388317
33.755619,38.931011,-65.889389	33.406261,40.953392,-63.071972	31.578732,44.366951,-66.465767
33.406261,40.953392,-63.071972	32.417885,43.553268,-60.972424	31.578732,44.366951,-66.465767
18.924278,28.629608,-78.804306	19.005716,29.666239,-79.455154	16.996923,29.365822,-79.378296
14.437115,29.308701,-78.698242	11.581506,31.403526,-78.652847	12.282636,28.151007,-77.869728
20.717813,20.331505,-53.827019	15.917686,21.408258,-53.223045	17.845543,21.928272,-52.064281
25.908199,36.687916,-46.319416	24.470848,35.300659,-45.963093	25.047873,36.824974,-45.842754
25.962791,34.877571,-45.939678	24.470848,35.300659,-45.963093	25.908199,36.687916,-46.319416
25.962791,34.877571,-45.939678	23.906406,32.096321,-45.957844	24.470848,35.300659,-45.963093
25.339193,32.272079,-45.968212	23.906406,32.096321,-45.957844	25.962791,34.877571,-45.939678
25.908199,36.687916,-46.319416	25.047873,36.824974,-45.842754	25.559292,38.145844,-46.397614
29.476915,46.656288,-56.566059	31.874792,42.651775,-56.119896	30.597383,43.652634,-54.622192
29.547697,25.735977,-52.718044	31.570850,24.412411,-58.746674	29.295074,22.411688,-57.170582
13.740443,20.220779,-70.249741	18.132048,18.112530,-66.671822	15.698423,20.878847,-72.594414
19.383181,41.734478,-45.473728	21.477234,40.395611,-45.213287	21.010098,39.763611,-45.565689
21.477234,40.395611,-45.213287	19.383181,41.734478,-45.473728	21.003483,41.133240,-45.388317
19.980341,43.502171,-77.977982	13.105671,41.554939,-78.305824	14.499504,37.885654,-78.936844
16.719786,30.090878,-79.549652	17.748497,30.209433,-79.613297	17.337839,31.353903,-79.120872
16.996923,29.365822,-79.378296	15.696283,29.673496,-79.310532	15.497957,28.627764,-78.681076
15.497957,28.627764,-78.681076	18.924278,28.629608,-78.804306	16.996923,29.365822,-79.378296
27.035910,20.355003,-66.254532	26.648115,19.754999,-62.897079	28.713875,21.052698,-63.562191
13.105671,41.554939,-78.305824	13.663910,44.032898,-77.689972	10.938657,41.910946,-78.077255
24.984606,50.431194,-65.488976	23.336761,51.452026,-59.360329	21.532833,51.952030,-64.300163
5.874209,40.682991,-75.147644	7.754148,38.517719,-77.314713	8.436791,40.127968,-77.470634
20.157539,17.819471,-63.391144	15.264310,18.311747,-63.245113	14.762763,18.875637,-58.959038
25.559292,38.145844,-46.397614	24.155214,37.717636,-45.532928	23.073557,40.287331,-45.846989
25.339193,32.272079,-45.968212	23.598475,30.009468,-46.228474	23.906406,32.096321,-45.957844
25.047873,36.824974,-45.842754	24.470848,35.300659,-45.963093	25.559292,38.145844,-46.397614
25.559292,38.145844,-46.397614	24.470848,35.300659,-45.963093	24.155214,37.717636,-45.532928
4.186239,39.298988,-49.869102	2.587384,41.480347,-52.455723	5.384812,42.464703,-50.020443
9.667597,52.245113,-62.773777	10.917195,52.212315,-59.211670	7.583724,50.715263,-58.862976
13.562302,35.153316,-78.719917	17.365955,34.427467,-78.588913	14.499504,37.885654,-78.936844
15.696283,29.673496,-79.310532	16.719786,30.090878,-79.549652	17.337839,31.353903,-79.120872
15.696283,29.673496,-79.310532	17.337839,31.353903,-79.120872	14.912876,30.645927,-78.806160
19.660393,51.379204,-54.854038	21.945585,50.867977,-54.770821	19.263134,50.242855,-52.848469
12.282636,28.151007,-77.869728	11.581506,31.403526,-78.652847	9.901234,30.426165,-77.788345
11.635907,41.273075,-78.646309	13.105671,41.554939,-78.305824	10.938657,41.910946,-78.077255
10.613962,39.545834,-78.958038	11.635907,41.273075,-78.646309	10.938657,41.910946,-78.077255
23.246149,18.453493,-64.706795	20.157539,17.819471,-63.391144	23.966942,18.615993,-61.426712
29.580915,24.528198,-70.294106	28.090731,25.922873,-73.676857	25.550777,23.072762,-73.068886
21.757524,49.225605,-72.629395	24.662180,48.107685,-72.396027	22.908138,49.805069,-71.036774
12.696541,52.963810,-63.010529	15.607413,53.197315,-61.842995	14.926075,52.732414,-58.668922
15.264310,18.311747,-63.245113	8.583290,21.107527,-61.188549	14.762763,18.875637,-58.959038
12.696541,52.963810,-63.010529	14.926075,52.732414,-58.668922	10.917195,52.212315,-59.211670
23.073557,40.287331,-45.846989	23.127905,38.294571,-45.813549	23.262554,39.502953,-45.662563
24.155214,37.717636,-45.532928	23.127905,38.294571,-45.813549	23.073557,40.287331,-45.846989
24.155214,37.717636,-45.532928	24.470848,35.300659,-45.963093	23.127905,38.294571,-45.813549
29.295074,22.411688,-57.170582	27.296831,23.915329,-51.923508	29.547697,25.735977,-52.718044
9.667597,52.245113,-62.773777	7.583724,50.715263,-58.862976	6.926673,50.788525,-62.202076
34.159809,28.277603,-64.127365	35.103863,31.385780,-63.328510	34.389030,30.576279,-66.776176
15.786787,51.371868,-69.647217	12.868937,51.549850,-68.096756	12.872079,49.211178,-72.599518
16.585001,37.955166,-45.835438	19.383181,41.734478,-45.473728	21.010098,39.763611,-45.565689
3.082941,25.849579,-56.684662	5.381241,23.421036,-57.890892	2.259169,25.773821,-60.633972
12.872079,49.211178,-72.599518	8.707743,50.763515,-67.336670	7.180101,48.749390,-69.399841
17.337839,31.353903,-79.120872	17.365955,34.427467,-78.588913	14.912876,30.645927,-78.806160
15.696283,29.673496,-79.310532	14.912876,30.645927,-78.806160	14.437115,29.308701,-78.698242
15.497957,28.627764,-78.681076	15.696283,29.673496,-79.310532	14.437115,29.308701,-78.698242
-1.066597,35.530220,-60.073193	-0.306683,35.042435,-55.735477	-0.422849,33.154633,-56.881779
23.246149,18.453493,-64.706795	23.966942,18.615993,-61.426712	26.648115,19.754999,-62.897079
32.215137,34.312920,-72.219109	31.478870,39.261803,-72.350410	29.269119,37.885220,-75.928177
30.467825,42.491127,-72.486053	29.269119,37.885220,-75.928177	31.478870,39.261803,-72.350410
30.681454,29.296734,-72.996056	32.215137,34.312920,-72.219109	29.287365,31.833490,-75.326523
11.581506,31.403526,-78.652847	11.469068,32.691368,-78.436340	9.901234,30.426165,-77.788345
11.469068,32.691368,-78.436340	9.986670,34.709793,-78.614113	9.901234,30.426165,-77.788345
10.613962,39.545834,-78.958038	10.938657,41.910946,-78.077255	8.711877,42.793247,-76.467255
1.148264,33.801266,-69.616425	0.763947,36.023335,-68.915291	-0.475074,34.010700,-65.049423
1.148264,33.801266,-69.616425	-0.475074,34.010700,-65.049423	1.282841,30.302080,-67.790352
33.114422,40.763985,-57.902393	33.718609,36.978512,-56.061462	31.874792,42.651775,-56.119896
19.331083,49.806549,-72.517853	18.721476,51.397266,-69.430283	16.487522,50.024429,-72.208031
16.487522,50.024429,-72.208031	18.721476,51.397266,-69.430283	15.786787,51.371868,-69.647217
23.906406,32.096321,-45.957844	19.397200,30.044474,-45.872314	24.470848,35.300659,-45.963093
23.262554,39.502953,-45.662563	23.127905,38.294571,-45.813549	22.285841,39.443501,-45.740780
23.598475,30.009468,-46.228474	22.324062,30.580830,-45.852943	23.906406,32.096321,-45.957844
23.598475,30.009468,-46.228474	21.451368,29.377615,-46.425678	22.324062,30.580830,-45.852943
23.262554,39.502953,-45.662563	22.285841,39.443501,-45.740780	23.073557,40.287331,-45.846989
32.762592,26.134764,-66.002518	34.159809,28.277603,-64.127365	33.221390,27.795042,-67.516685
15.684572,39.124882,-45.675838	19.383181,41.734478,-45.473728	16.585001,37.955166,-45.835438
28.567665,47.867634,-65.828049	30.909643,45.660885,-64.995216	28.867926,48.204994,-59.982437
17.046837,50.860550,-54.162167	19.660393,51.379204,-54.854038	19.263134,50.242855,-52.848469
-1.066597,35.530220,-60.073193	-0.608527,38.070503,-57.724117	-0.306683,35.042435,-55.735477
5.444373,48.002903,-67.916832	1.573900,44.051865,-65.943535	5.449140,46.242649,-70.358818
29.269119,37.885220,-75.928177	30.467825,42.491127,-72.486053	29.088930,41.562225,-74.713112
29.128618,43.640568,-73.371826	29.088930,41.562225,-74.713112	30.467825,42.491127,-72.486053
9.986670,34.709793,-78.614113	10.906856,38.322071,-79.416283	8.872817,33.080894,-77.840736
10.906856,38.322071,-79.416283	10.613962,39.545834,-78.958038	8.436791,40.127968,-77.470634
7.754148,38.517719,-77.314713	10.906856,38.322071,-79.416283	8.436791,40.127968,-77.470634
8.436791,40.127968,-77.470634	10.613962,39.545834,-78.958038	8.711877,42.793247,-76.467255
9.901234,30.426165,-77.788345	9.986670,34.709793,-78.614113	8.872817,33.080894,-77.840736
9.201302,47.995602,-52.044109	12.253447,50.093002,-53.283291	10.850692,47.204266,-50.175411
19.331083,49.806549,-72.517853	21.757524,49.225605,-72.629395	22.908138,49.805069,-71.036774
22.245829,21.662928,-73.390610	20.120754,20.515127,-72.283936	22.671026,19.389103,-69.395798
27.566540,31.682934,-47.312534	26.058910,28.830729,-47.399895	25.339193,32.272079,-45.968212
25.908199,36.687916,-46.319416	25.559292,38.145844,-46.397614	27.271418,34.884560,-46.838570
12.696541,52.963810,-63.010529	10.917195,52.212315,-59.211670	9.667597,52.245113,-62.773777
23.127905,38.294571,-45.813549	16.585001,37.955166,-45.835438	22.285841,39.443501,-45.740780
24.470848,35.300659,-45.963093	16.585001,37.955166,-45.835438	23.127905,38.294571,-45.813549
23.906406,32.096321,-45.957844	22.324062,30.580830,-45.852943	19.397200,30.044474,-45.872314
21.010098,39.763611,-45.565689	23.073557,40.287331,-45.846989	22.285841,39.443501,-45.740780
23.073557,40.287331,-45.846989	21.003483,41.133240,-45.388317	22.190041,42.816818,-46.744823
25.831818,22.165390,-52.955353	29.295074,22.411688,-57.170582	26.401667,19.979280,-58.655689
5.381241,23.421036,-57.890892	8.583290,21.107527,-61.188549	6.002935,22.508421,-62.543819
12.872079,49.211178,-72.599518	12.868937,51.549850,-68.096756	8.707743,50.763515,-67.336670
19.005716,29.666239,-79.455154	17.748497,30.209433,-79.613297	17.013939,29.683701,-80.285339
16.996923,29.365822,-79.378296	19.005716,29.666239,-79.455154	17.013939,29.683701,-80.285339
16.973673,40.991623,-45.401768	19.383181,41.734478,-45.473728	15.684572,39.124882,-45.675838
11.469068,32.691368,-78.436340	14.912876,30.645927,-78.806160	17.365955,34.427467,-78.588913
14.912876,30.645927,-78.806160	11.469068,32.691368,-78.436340	11.581506,31.403526,-78.652847
14.437115,29.308701,-78.698242	14.912876,30.645927,-78.806160	11.581506,31.403526,-78.652847
27.751318,27.794899,-75.293411	28.090731,25.922873,-73.676857	30.681454,29.296734,-72.996056
10.906856,38.322071,-79.416283	7.754148,38.517719,-77.314713	8.872817,33.080894,-77.840736
16.951881,52.883556,-63.981121	21.532833,51.952030,-64.300163	18.903402,52.706242,-59.696499
4.009237,44.018444,-52.648003	7.100093,44.944874,-50.382454	5.384812,42.464703,-50.020443
5.863625,26.670010,-51.562374	2.833954,30.379166,-51.943878	5.309921,29.588884,-50.306904
2.587384,41.480347,-52.455723	4.009237,44.018444,-52.648003	5.384812,42.464703,-50.020443
24.470848,35.300659,-45.963093	19.397200,30.044474,-45.872314	16.585001,37.955166,-45.835438
22.285841,39.443501,-45.740780	16.585001,37.955166,-45.835438	21.010098,39.763611,-45.565689
22.324062,30.580830,-45.852943	21.451368,29.377615,-46.425678	19.397200,30.044474,-45.872314
22.190041,42.816818,-46.744823	21.003483,41.133240,-45.388317	19.133793,43.739361,-46.485802
4.039342,48.253132,-61.050652	6.926673,50.788525,-62.202076	7.583724,50.715263,-58.862976
17.013939,29.683701,-80.285339	16.719786,30.090878,-79.549652	15.696283,29.673496,-79.310532
17.748497,30.209433,-79.613297	16.719786,30.090878,-79.549652	17.013939,29.683701,-80.285339
15.696283,29.673496,-79.310532	16.996923,29.365822,-79.378296	17.013939,29.683701,-80.285339
15.964119,40.386814,-45.131733	16.973673,40.991623,-45.401768	15.684572,39.124882,-45.675838
16.973673,40.991623,-45.401768	15.964119,40.386814,-45.131733	14.313059,42.629196,-46.435120
4.748921,25.195015,-69.257378	4.983747,24.006130,-67.152046	8.792840,21.798977,-68.954712
13.562302,35.153316,-78.719917	9.986670,34.709793,-78.614113	11.469068,32.691368,-78.436340
13.562302,35.153316,-78.719917	11.027644,36.781776,-79.320045	9.986670,34.709793,-78.614113
11.635907,41.273075,-78.646309	11.657984,40.395611,-79.007034	13.105671,41.554939,-78.305824
14.499504,37.885654,-78.936844	13.105671,41.554939,-78.305824	10.906856,38.322071,-79.416283
13.105671,41.554939,-78.305824	11.657984,40.395611,-79.007034	10.906856,38.322071,-79.416283
22.245829,21.662928,-73.390610	24.144743,20.858217,-70.974792	25.550777,23.072762,-73.068886
7.100093,44.944874,-50.382454	6.577698,46.928207,-52.943844	9.201302,47.995602,-52.044109
26.058910,28.830729,-47.399895	24.622801,27.078806,-48.031109	23.598475,30.009468,-46.228474
25.339193,32.272079,-45.968212	26.058910,28.830729,-47.399895	23.598475,30.009468,-46.228474
25.559292,38.145844,-46.397614	23.073557,40.287331,-45.846989	26.677090,40.845879,-48.344666
16.487522,50.024429,-72.208031	15.786787,51.371868,-69.647217	12.872079,49.211178,-72.599518
19.383181,41.734478,-45.473728	19.133793,43.739361,-46.485802	21.003483,41.133240,-45.388317
26.401667,19.979280,-58.655689	23.842667,20.559275,-54.498058	25.831818,22.165390,-52.955353
19.980341,43.502171,-77.977982	22.270945,39.838730,-78.306496	21.185490,42.791084,-78.137566
21.185490,42.791084,-78.137566	21.849957,46.035198,-76.037170	19.980341,43.502171,-77.977982
12.515851,35.197392,-45.495922	15.634896,31.049658,-45.464382	15.853377,29.653049,-45.697723
13.817941,31.565039,-45.331825	12.515851,35.197392,-45.495922	15.853377,29.653049,-45.697723